turn_id,speaker,start,stop,utterance,interval,delta,questions,end_question,overlap,n_words
0,5f6e71f3b273c13b726f3622,1.54,168.86,"Uh huh. Sit down, go Whoa. Okay, sit down. Yeah. Yeah. Mhm. Okay. Yeah. Whoa. Then you sit down, sit down set. Okay. Mhm. Uh huh. Mhm. Yeah, many sit down. Sweet girl. Sit, is it a girl? Mhm. You okay boss? Oh yeah. Mhm. Yeah, sit down guys, please sit, sit down, guys. Okay. I'm gonna have to go upstairs. Hello?",,167.32000000000002,3,True,False,64
1,5c4e58785994ca0001132982,167.44,168.76,Hello? Mhm.,-1.420000000000016,1.3199999999999932,1,False,True,2
2,5f6e71f3b273c13b726f3622,169.24,169.8,Yeah.,0.4800000000000182,0.5600000000000023,0,False,False,1
3,5c4e58785994ca0001132982,169.24,176.76,Wait my headphones are not connected. Just one sack.,-0.5600000000000023,7.519999999999982,0,False,True,9
4,5f6e71f3b273c13b726f3622,173.44,174.76,Okay.,-3.319999999999993,1.3199999999999932,0,False,True,1
5,5c4e58785994ca0001132982,184.94,186.06,Yeah. Mhm.,10.180000000000007,1.1200000000000045,0,False,False,2
6,5f6e71f3b273c13b726f3622,186.24,187.86,Yeah. Mhm.,0.18000000000000682,1.6200000000000045,0,False,False,2
7,5c4e58785994ca0001132982,189.14,189.4,Should,1.2799999999999727,0.2600000000000193,0,False,False,1
8,5f6e71f3b273c13b726f3622,189.2,189.86,Recording,-0.20000000000001705,0.660000000000025,0,False,True,1
9,5c4e58785994ca0001132982,189.4,192.46,be connecting. Okay.,-0.46000000000000796,3.0600000000000023,0,False,True,3
10,5f6e71f3b273c13b726f3622,192.44,193.96,I can see.,-0.020000000000010232,1.5200000000000102,0,False,True,3
11,5c4e58785994ca0001132982,193.43,194.86,"The small screen,",-0.5300000000000011,1.4300000000000068,0,False,True,3
12,5f6e71f3b273c13b726f3622,194.54,194.75,Right.,-0.3200000000000216,0.21000000000000796,0,False,True,1
13,5c4e58785994ca0001132982,194.86,197.35,I can only see the top of your face.,0.11000000000001364,2.4899999999999807,0,False,False,9
14,5f6e71f3b273c13b726f3622,196.74,198.35,Uh ah,-0.6099999999999852,1.6099999999999852,0,False,True,2
15,5c4e58785994ca0001132982,198.14,202.25,I think that's my fault because I'm doing it on my phone and it's turned sideways so,-0.21000000000000796,4.110000000000014,0,False,True,20
16,5f6e71f3b273c13b726f3622,201.84,203.76,Maybe I've got my computer and it's,-0.4099999999999966,1.9199999999999875,0,False,True,9
17,5c4e58785994ca0001132982,203.54,207.05,yeah if you just if you can just bring it down a little bit.,-0.21999999999999886,3.5100000000000193,0,False,True,14
18,5f6e71f3b273c13b726f3622,208.44,208.64,Yeah.,1.3899999999999864,0.19999999999998863,0,False,False,1
19,5c4e58785994ca0001132982,208.54,210.55,Yeah. Perfect.,-0.09999999999999432,2.0100000000000193,0,False,True,2
20,5f6e71f3b273c13b726f3622,210.54,211.65,"Okay,",-0.010000000000019327,1.1100000000000136,0,False,True,1
21,5c4e58785994ca0001132982,210.94,217.16,"Okay. Yeah my screen is there's a big border on it, I don't need this big border but I can't get rid of it. So",-0.710000000000008,6.219999999999999,0,False,True,28
22,5f6e71f3b273c13b726f3622,216.94,218.86,that's okay. Yeah.,-0.21999999999999886,1.920000000000016,0,False,True,4
23,5c4e58785994ca0001132982,218.84,219.26,awesome,-0.020000000000010232,0.4199999999999875,0,False,True,1
24,5f6e71f3b273c13b726f3622,219.44,221.26,What's your name?,0.18000000000000682,1.8199999999999932,1,True,False,4
25,5c4e58785994ca0001132982,220.84,221.26,Alex,-0.4199999999999875,0.4199999999999875,0,False,True,1
26,5f6e71f3b273c13b726f3622,221.27,223.38,"I'm Elizabeth, nice to meet",0.010000000000019327,2.109999999999985,0,False,False,6
27,5c4e58785994ca0001132982,223.34,223.94,Elizabeth.,-0.03999999999999204,0.5999999999999943,0,False,True,1
28,5f6e71f3b273c13b726f3622,223.38,223.76,you.,-0.5600000000000023,0.37999999999999545,0,False,True,1
29,5c4e58785994ca0001132982,223.95,224.43,You,0.18999999999999773,0.4800000000000182,0,False,False,1
30,5f6e71f3b273c13b726f3622,224.24,224.44,Yeah.,-0.18999999999999773,0.19999999999998863,0,False,True,1
31,5c4e58785994ca0001132982,224.43,224.75,too?,-0.009999999999990905,0.3199999999999932,1,True,True,1
32,5f6e71f3b273c13b726f3622,225.24,226.16,What are you?,0.4900000000000091,0.9199999999999875,1,True,False,3
33,5c4e58785994ca0001132982,225.64,231.25,"Oh but I still don't hear you in my hold on one sack, I'm still, can you hear me okay?",-0.5200000000000102,5.610000000000014,1,True,True,22
34,5f6e71f3b273c13b726f3622,231.34,232.66,"Yeah, I can hear you good.",0.09000000000000341,1.3199999999999932,0,False,False,6
35,5c4e58785994ca0001132982,233.14,234.85,Oh that's weird.,0.47999999999998977,1.710000000000008,0,False,False,4
36,5f6e71f3b273c13b726f3622,237.94,240.53,Yeah. Yeah.,3.0900000000000034,2.5900000000000034,0,False,False,2
37,5c4e58785994ca0001132982,244.04,251.15,"Uh It says it's connected but it's not actually, hang on I'm going to disconnect it.",3.509999999999991,7.110000000000014,0,False,False,19
38,5f6e71f3b273c13b726f3622,251.44,258.45,Okay. I can I can't see you but I can hear you good. Right.,0.28999999999999204,7.009999999999991,0,False,False,15
39,5c4e58785994ca0001132982,258.34,266.35,"Okay and how I still don't, I guess I don't that's weird, I don't get to use the headphones for the audio for this,",-0.11000000000001364,8.010000000000048,0,False,True,28
40,5f6e71f3b273c13b726f3622,266.64,268.26,Uh Can you,0.2899999999999636,1.6200000000000045,0,False,False,3
41,5c4e58785994ca0001132982,268.44,269.92,"I can hear you okay, I'll just",0.18000000000000682,1.4800000000000182,0,False,False,8
42,5f6e71f3b273c13b726f3622,269.84,270.17,Okay?,-0.08000000000004093,0.3300000000000409,1,True,True,1
43,5c4e58785994ca0001132982,269.92,271.14,turn it up.,-0.25,1.2199999999999704,0,False,True,3
44,5f6e71f3b273c13b726f3622,270.84,271.45,Okay.,-0.30000000000001137,0.6100000000000136,0,False,True,1
45,5c4e58785994ca0001132982,271.15,272.36,Yeah.,-0.30000000000001137,1.2100000000000364,0,False,True,1
46,5f6e71f3b273c13b726f3622,271.46,273.06,That's weird. I don't know why.,-0.9000000000000341,1.6000000000000227,0,False,True,8
47,5c4e58785994ca0001132982,272.74,274.65,"Yeah,",-0.3199999999999932,1.9099999999999682,0,False,True,1
48,5f6e71f3b273c13b726f3622,274.64,274.84,Yeah.,-0.009999999999990905,0.19999999999998863,0,False,True,1
49,5c4e58785994ca0001132982,274.66,281.76,I would think it would just go. But maybe they have some habits set somehow that it doesn't work,-0.17999999999994998,7.099999999999966,0,False,True,20
50,5f6e71f3b273c13b726f3622,280.24,283.75,"Yeah. Maybe where,",-1.5199999999999818,3.509999999999991,0,False,True,3
51,5c4e58785994ca0001132982,283.14,284.16,Elizabeth.,-0.6100000000000136,1.0200000000000387,0,False,True,1
52,5f6e71f3b273c13b726f3622,283.76,284.63,where are you,-0.4000000000000341,0.8700000000000045,0,False,True,3
53,5c4e58785994ca0001132982,284.54,285.06,I,-0.08999999999997499,0.5199999999999818,0,False,True,1
54,5f6e71f3b273c13b726f3622,284.63,285.16,from?,-0.4300000000000068,0.5300000000000296,1,True,True,1
55,5c4e58785994ca0001132982,285.06,288.82,am in Tucson Arizona did you say? Where am I from?,-0.10000000000002274,3.759999999999991,2,True,True,11
56,5f6e71f3b273c13b726f3622,288.74,289.34,"Oh,",-0.07999999999998408,0.5999999999999659,0,False,True,1
57,5c4e58785994ca0001132982,288.83,289.55,That's different.,-0.5099999999999909,0.7200000000000273,0,False,True,3
58,5f6e71f3b273c13b726f3622,289.52,291.16,I guess. Where are you?,-0.03000000000002956,1.6400000000000432,1,True,True,5
59,5c4e58785994ca0001132982,291.34,293.05,I'm in Tucson Arizona.,0.17999999999994998,1.7100000000000364,0,False,False,5
60,5f6e71f3b273c13b726f3622,293.24,294.15,Oh wow. I love,0.18999999999999773,0.9099999999999682,0,False,False,4
61,5c4e58785994ca0001132982,294.04,294.46,It's,-0.1099999999999568,0.4199999999999591,0,False,True,2
62,5f6e71f3b273c13b726f3622,294.15,294.95,Arizona.,-0.3100000000000023,0.8000000000000114,0,False,True,1
63,5c4e58785994ca0001132982,295.54,296.46,you've been there?,0.5900000000000318,0.9199999999999591,1,True,False,4
64,5f6e71f3b273c13b726f3622,296.54,302.45,"Well, yeah, I've been what? Well, I rafted the Grand Canyon, but I spent some time and flag stuff.",0.08000000000004093,5.909999999999968,1,False,False,20
65,5c4e58785994ca0001132982,303.34,306.06,Okay. Yeah it's much cooler there than here.,0.8899999999999864,2.7200000000000273,0,False,False,9
66,5f6e71f3b273c13b726f3622,305.74,309.36,Yes. I haven't been to Tucson but just flag stuff,-0.3199999999999932,3.6200000000000045,0,False,True,11
67,5c4e58785994ca0001132982,308.84,309.05,Mhm.,-0.5200000000000387,0.21000000000003638,0,False,True,1
68,5f6e71f3b273c13b726f3622,309.94,310.1,and,0.8899999999999864,0.160000000000025,0,False,False,1
69,5c4e58785994ca0001132982,310.04,310.45,Yeah.,-0.060000000000002274,0.40999999999996817,0,False,True,1
70,5f6e71f3b273c13b726f3622,310.1,313.55,it was amazing. I nearly moved out there for university because I liked it.,-0.3499999999999659,3.4499999999999886,0,False,True,14
71,5c4e58785994ca0001132982,313.44,313.7,Oh,-0.11000000000001364,0.2599999999999909,0,False,True,1
72,5f6e71f3b273c13b726f3622,313.55,313.96,So.,-0.14999999999997726,0.40999999999996817,0,False,True,1
73,5c4e58785994ca0001132982,313.7,313.94,yeah.,-0.2599999999999909,0.2400000000000091,0,False,True,1
74,5f6e71f3b273c13b726f3622,315.04,315.66,But,1.1000000000000227,0.6200000000000045,0,False,False,1
75,5c4e58785994ca0001132982,316.04,317.45,Yeah that's it's a good place,0.37999999999999545,1.4099999999999682,0,False,False,8
76,5f6e71f3b273c13b726f3622,317.84,318.05,it's,0.38999999999998636,0.21000000000003638,0,False,False,2
77,5c4e58785994ca0001132982,317.84,323.25,of very very different like it's not as desert,-0.21000000000003638,5.410000000000025,0,False,True,10
78,5f6e71f3b273c13b726f3622,323.54,324.66,okay.,0.29000000000002046,1.1200000000000045,0,False,False,1
79,5c4e58785994ca0001132982,323.74,324.25,as here.,-0.9200000000000159,0.5099999999999909,0,False,True,2
80,5f6e71f3b273c13b726f3622,324.67,325.22,Really?,0.4200000000000159,0.5500000000000114,1,True,False,1
81,5c4e58785994ca0001132982,325.04,325.31,What,-0.18000000000000682,0.2699999999999818,0,False,True,1
82,5f6e71f3b273c13b726f3622,325.23,325.54,Yeah.,-0.07999999999998408,0.3100000000000023,0,False,True,1
83,5c4e58785994ca0001132982,325.31,325.55,part?,-0.2300000000000182,0.2400000000000091,1,True,True,1
84,5f6e71f3b273c13b726f3622,325.54,330.65,I need to I want to go back. I want to come over to the west coast and see some more national parks.,-0.009999999999990905,5.109999999999957,0,False,True,23
85,5c4e58785994ca0001132982,331.34,331.66,Uh huh.,0.6899999999999977,0.32000000000005,0,False,False,2
86,5f6e71f3b273c13b726f3622,331.84,332.76,"There has been,",0.17999999999994998,0.9200000000000159,0,False,False,3
87,5c4e58785994ca0001132982,332.44,333.06,Where are you?,-0.3199999999999932,0.6200000000000045,1,True,True,3
88,5f6e71f3b273c13b726f3622,333.64,335.35,I'm in Georgia right now.,0.5799999999999841,1.7100000000000364,0,False,False,6
89,5c4e58785994ca0001132982,335.94,336.91,The,0.589999999999975,0.9700000000000273,0,False,False,1
90,5f6e71f3b273c13b726f3622,336.24,336.56,But,-0.6700000000000159,0.3199999999999932,0,False,True,1
91,5c4e58785994ca0001132982,336.92,339.54,U. S. State? Not the former soviet Socialist,0.36000000000001364,2.6200000000000045,1,False,False,8
92,5f6e71f3b273c13b726f3622,339.14,340.27,the,-0.4000000000000341,1.1299999999999955,0,False,True,1
93,5c4e58785994ca0001132982,339.54,340.05,Republic.,-0.7299999999999613,0.5099999999999909,0,False,True,1
94,5f6e71f3b273c13b726f3622,340.28,343.16,"U. S. State. Yeah. I'm enjoying, I grew up in England.",0.22999999999996135,2.8800000000000523,0,False,False,12
95,5c4e58785994ca0001132982,343.74,344.15,Uh huh.,0.5799999999999841,0.40999999999996817,0,False,False,2
96,5f6e71f3b273c13b726f3622,344.74,345.27,Where,0.5900000000000318,0.5299999999999727,0,False,False,1
97,5c4e58785994ca0001132982,344.94,345.45,Mhm.,-0.3299999999999841,0.5099999999999909,0,False,True,1
98,5f6e71f3b273c13b726f3622,345.27,346.36,are you originally from?,-0.18000000000000682,1.0900000000000318,1,True,True,4
99,5c4e58785994ca0001132982,347.04,348.37,Michigan north,0.6800000000000068,1.329999999999984,0,False,False,2
100,5f6e71f3b273c13b726f3622,348.24,349.14,Okay.,-0.12999999999999545,0.8999999999999773,0,False,True,1
101,5c4e58785994ca0001132982,348.37,348.75,of you.,-0.7699999999999818,0.37999999999999545,0,False,True,2
102,5f6e71f3b273c13b726f3622,349.15,349.66,Are that,0.39999999999997726,0.5100000000000477,0,False,False,2
103,5c4e58785994ca0001132982,349.64,349.84,Yeah,-0.020000000000038654,0.19999999999998863,0,False,True,1
104,5f6e71f3b273c13b726f3622,349.66,351.26,really cold winters? Don't they?,-0.17999999999994998,1.599999999999966,2,True,True,6
105,5c4e58785994ca0001132982,351.44,353.26,they sure do.,0.18000000000000682,1.8199999999999932,0,False,False,3
106,5f6e71f3b273c13b726f3622,353.74,360.76,I know. I don't think I've ever been to michigan. I can think of. So how did you get from michigan to Arizona?,0.4800000000000182,7.019999999999982,1,True,False,25
107,5c4e58785994ca0001132982,361.94,380.75,"Uh Well When I was 23 I was adopted I looked up my birth mother and she lived in Hawaii end up moving out there for a few years and then when I got Uh tired of being on islands, I came over to California",1.1800000000000068,18.810000000000002,0,False,False,45
108,5f6e71f3b273c13b726f3622,380.34,380.66,Oh,-0.410000000000025,0.32000000000005,0,False,True,1
109,5c4e58785994ca0001132982,380.76,388.15,and walked north until I got to Oregon and stayed there for 15 years in various places in Oregon.,0.0999999999999659,7.389999999999986,0,False,False,19
110,5f6e71f3b273c13b726f3622,388.44,388.86,wow.,0.29000000000002046,0.4200000000000159,0,False,False,1
111,5c4e58785994ca0001132982,388.64,394.78,And then my girlfriend at the time got a really good job offer here in Tucson.,-0.22000000000002728,6.139999999999986,0,False,True,16
112,5f6e71f3b273c13b726f3622,394.54,395.26,Okay.,-0.23999999999995225,0.7199999999999704,0,False,True,1
113,5c4e58785994ca0001132982,394.79,405.85,"And so we packed up all our stuff, they paid people to come and pack up all our stuff And we got, we were out of there within like three weeks after both of us having lived there for like 15 years",-0.46999999999997044,11.060000000000002,0,False,True,42
114,5f6e71f3b273c13b726f3622,405.84,406.56,Oh my God,-0.010000000000047748,0.7200000000000273,0,False,True,3
115,5c4e58785994ca0001132982,406.24,412.86,"each, we only have been together for three, but we have both been in Oregon for a long time and just up and suddenly went, hey this is great,",-0.3199999999999932,6.6200000000000045,0,False,True,29
116,5f6e71f3b273c13b726f3622,413.24,413.45,let's,0.37999999999999545,0.20999999999997954,0,False,False,2
117,5c4e58785994ca0001132982,413.24,413.55,let's go,-0.20999999999997954,0.3100000000000023,0,False,True,3
118,5f6e71f3b273c13b726f3622,413.45,413.66,"get,",-0.10000000000002274,0.21000000000003638,0,False,True,1
119,5c4e58785994ca0001132982,413.55,414.05,to Tucson,-0.11000000000001364,0.5,0,False,True,2
120,5f6e71f3b273c13b726f3622,414.44,414.75,wait,0.38999999999998636,0.3100000000000023,0,False,False,1
121,5c4e58785994ca0001132982,414.74,414.91,and,-0.009999999999990905,0.17000000000001592,0,False,True,1
122,5f6e71f3b273c13b726f3622,414.76,415.58,did,-0.1500000000000341,0.8199999999999932,0,False,True,1
123,5c4e58785994ca0001132982,414.91,415.49,then,-0.6699999999999591,0.5799999999999841,0,False,True,1
124,5f6e71f3b273c13b726f3622,415.58,418.36,you say you walked from California to Oregon?,0.08999999999997499,2.7800000000000296,1,True,False,8
125,5c4e58785994ca0001132982,418.54,420.38,yeah.,0.18000000000000682,1.839999999999975,0,False,False,1
126,5f6e71f3b273c13b726f3622,419.94,420.66,I met,-0.4399999999999977,0.7200000000000273,0,False,True,2
127,5c4e58785994ca0001132982,420.39,421.44,Yeah.,-0.27000000000003865,1.0500000000000114,0,False,True,1
128,5f6e71f3b273c13b726f3622,421.54,424.28,I cycled the pacific coast for some,0.10000000000002274,2.7399999999999523,0,False,False,7
129,5c4e58785994ca0001132982,424.14,424.46,Mhm.,-0.13999999999998636,0.3199999999999932,0,False,True,1
130,5f6e71f3b273c13b726f3622,424.28,427.84,"of it and we, I met somebody when I was doing it and he was walking",-0.18000000000000682,3.5600000000000023,0,False,True,16
131,5c4e58785994ca0001132982,427.44,427.65,Mhm.,-0.39999999999997726,0.20999999999997954,0,False,True,1
132,5f6e71f3b273c13b726f3622,427.84,430.12,down I think. But how,0.18999999999999773,2.2800000000000296,0,False,False,5
133,5c4e58785994ca0001132982,429.54,430.26,Oh,-0.5799999999999841,0.7199999999999704,0,False,True,1
134,5f6e71f3b273c13b726f3622,430.13,433.36,"how like you, how how many miles did you walk?",-0.12999999999999545,3.230000000000018,1,True,True,10
135,5c4e58785994ca0001132982,433.94,436.86,"yeah, Oh it's, I mean it's a couple 1000",0.5799999999999841,2.920000000000016,0,False,False,11
136,5f6e71f3b273c13b726f3622,437.54,438.95,"Gosh, how long did that take?",0.6800000000000068,1.4099999999999682,1,True,False,6
137,5c4e58785994ca0001132982,440.04,446.65,"over a year, I took my time. I mean I would generally walk 20 miles a day or so.",1.0900000000000318,6.609999999999957,0,False,False,19
138,5f6e71f3b273c13b726f3622,446.74,448.96,So is that like the pacific crest trail you did,0.09000000000003183,2.2199999999999704,0,False,False,10
139,5c4e58785994ca0001132982,449.64,454.31,"No, I just went on the, just went from town to town three ways on three",0.6800000000000068,4.670000000000016,0,False,False,16
140,5f6e71f3b273c13b726f3622,454.14,454.56,"the next,",-0.17000000000001592,0.4200000000000159,0,False,True,2
141,5c4e58785994ca0001132982,454.31,454.76,ways,-0.25,0.44999999999998863,0,False,True,1
142,5f6e71f3b273c13b726f3622,455.24,456.05,how was that?,0.4800000000000182,0.8100000000000023,1,True,False,3
143,5c4e58785994ca0001132982,456.04,462.79,"with them. Uh Well, I mean it was exactly what I wanted to be doing at the",-0.009999999999990905,6.75,0,False,True,17
144,5f6e71f3b273c13b726f3622,462.74,463.06,Mhm.,-0.05000000000001137,0.3199999999999932,0,False,True,1
145,5c4e58785994ca0001132982,462.79,465.55,time and it was somewhat brutal.,-0.2699999999999818,2.759999999999991,0,False,True,6
146,5f6e71f3b273c13b726f3622,465.84,466.86,"Oh yeah,",0.2899999999999636,1.0200000000000387,0,False,False,2
147,5c4e58785994ca0001132982,466.44,467.1,I,-0.4200000000000159,0.660000000000025,0,False,True,1
148,5f6e71f3b273c13b726f3622,466.87,467.36,pageant,-0.2300000000000182,0.4900000000000091,0,False,True,1
149,5c4e58785994ca0001132982,467.11,495.17,"mean I don't I don't like California. I don't I mean I love California. I don't really like the majority like the way that a majority of the people there behave. I just did not enjoy it at all. Uh You know, I was I was living rough and so I looked scruffy and old man. Does that matter? I mean not that I don't know, but I mean if you if you are actually like wearing dirty clothes and a backpack",-0.25,28.060000000000002,1,False,True,87
150,5f6e71f3b273c13b726f3622,495.04,495.36,if,-0.12999999999999545,0.3199999999999932,0,False,True,1
151,5c4e58785994ca0001132982,495.18,513.76,"in California, I mean I experienced some absolute like psyops kind of stuff where you would walk into a town and people in the houses would be like they'd like and in the stores like people would walk past you and just be like go away",-0.18000000000000682,18.579999999999984,0,False,True,47
152,5f6e71f3b273c13b726f3622,513.94,514.75,my God.,0.18000000000006366,0.8099999999999454,0,False,False,2
153,5c4e58785994ca0001132982,514.64,520.26,"and there was and they would like, you know, they saw like they drive by car, they'd all like look at you and like",-0.11000000000001364,5.6200000000000045,0,False,True,25
154,5f6e71f3b273c13b726f3622,520.64,520.96,Mhm.,0.37999999999999545,0.32000000000005,0,False,False,1
155,5c4e58785994ca0001132982,520.64,535.06,"either like laugh to try to make you feel like you look funny or like look kind of threatening. It was bizarre and I just kept going. I was like I'm definitely not staying here. So I did stay in a couple of places. I mean and it's different when you meet people,",-0.32000000000005,14.419999999999959,0,False,True,55
156,5f6e71f3b273c13b726f3622,535.14,535.64,Yeah.,0.08000000000004093,0.5,0,False,False,1
157,5c4e58785994ca0001132982,535.54,547.16,people people are nice. I made friends. I had some good stays in different places. So there are definitely like good people in California but there are a lot of people who are just really gross.,-0.10000000000002274,11.620000000000005,0,False,True,36
158,5f6e71f3b273c13b726f3622,547.34,547.83,"Yeah,",0.18000000000006366,0.4900000000000091,0,False,False,1
159,5c4e58785994ca0001132982,547.54,547.75,So.,-0.2900000000000773,0.21000000000003638,0,False,True,1
160,5f6e71f3b273c13b726f3622,547.83,560.94,"I can. So I was actually born in California and moved to England when I was three, but my parents moved I think because they didn't well one my dad's job, but they didn't like the the atmosphere especially.",0.08000000000004093,13.110000000000014,0,False,False,42
161,5c4e58785994ca0001132982,560.74,561.24,Uh huh.,-0.20000000000004547,0.5,0,False,True,2
162,5f6e71f3b273c13b726f3622,560.94,563.66,"Is it being so money money, money money like",-0.2999999999999545,2.7199999999999136,0,False,True,9
163,5c4e58785994ca0001132982,564.04,564.24,Yeah.,0.37999999999999545,0.20000000000004547,0,False,False,1
164,5f6e71f3b273c13b726f3622,564.24,583.82,"you know some of the kids, they said at schools for like birthday parties that it was crazy, like it was just the gifts and it was just too much and they said they didn't want, which I completely understand, you know, not growing up around that kind of yeah, I could see that in calif, I haven't been back since, well then I remember but",0.0,19.58000000000004,0,False,False,68
165,5c4e58785994ca0001132982,583.74,584.25,Mhm.,-0.08000000000004093,0.5099999999999909,0,False,True,1
166,5f6e71f3b273c13b726f3622,583.83,592.91,"um I would, I know I take it back, I went to SAn Diego for a work conference and I was not, it wasn't my favorite, but",-0.4199999999999591,9.079999999999927,0,False,True,28
167,5c4e58785994ca0001132982,592.64,593.07,Los,-0.2699999999999818,0.43000000000006366,0,False,True,1
168,5f6e71f3b273c13b726f3622,592.92,593.3,I,-0.15000000000009095,0.37999999999999545,0,False,True,1
169,5c4e58785994ca0001132982,593.07,593.45,Angeles.,-0.2299999999999045,0.37999999999999545,0,False,True,1
170,5f6e71f3b273c13b726f3622,593.31,600.06,"I loved Oregon, like when I was in Oregon and wash I would move to Washington in a hobby Washington state, I loved washing,",-0.14000000000010004,6.75,0,False,True,24
171,5c4e58785994ca0001132982,599.84,600.25,Yeah.,-0.2199999999999136,0.40999999999996817,0,False,True,1
172,5f6e71f3b273c13b726f3622,601.24,603.64,it was beautiful and there's so much hiking,0.9900000000000091,2.3999999999999773,0,False,False,9
173,5c4e58785994ca0001132982,603.14,603.46,"Yeah,",-0.5,0.32000000000005,0,False,True,1
174,5f6e71f3b273c13b726f3622,603.64,604.86,"and outdoors this stuff,",0.17999999999994998,1.2200000000000273,0,False,False,4
175,5c4e58785994ca0001132982,605.94,606.56,that's true.,1.080000000000041,0.6199999999998909,0,False,False,3
176,5f6e71f3b273c13b726f3622,606.54,607.05,so,-0.01999999999998181,0.5099999999999909,0,False,True,1
177,5c4e58785994ca0001132982,606.94,611.05,"Yeah, that's that's the glory there, all the green, all the water.",-0.10999999999989996,4.1099999999999,0,False,True,14
178,5f6e71f3b273c13b726f3622,611.04,612.0,mhm But,-0.009999999999990905,0.9600000000000364,0,False,True,2
179,5c4e58785994ca0001132982,611.84,612.27,Exactly,-0.15999999999996817,0.42999999999995,0,False,True,1
180,5f6e71f3b273c13b726f3622,612.0,612.39,it means,-0.2699999999999818,0.38999999999998636,0,False,True,2
181,5c4e58785994ca0001132982,612.27,612.41,what,-0.12000000000000455,0.13999999999998636,0,False,True,1
182,5f6e71f3b273c13b726f3622,612.39,612.45,a,-0.01999999999998181,0.06000000000005912,0,False,True,1
183,5c4e58785994ca0001132982,612.41,612.52,we,-0.04000000000007731,0.11000000000001364,0,False,True,1
184,5f6e71f3b273c13b726f3622,612.45,612.76,lot,-0.06999999999993634,0.30999999999994543,0,False,True,1
185,5c4e58785994ca0001132982,612.52,612.86,don't,-0.2400000000000091,0.34000000000003183,0,False,True,2
186,5f6e71f3b273c13b726f3622,612.76,613.05,I guess.,-0.10000000000002274,0.2899999999999636,0,False,True,2
187,5c4e58785994ca0001132982,612.87,614.45,end here.,-0.17999999999994998,1.580000000000041,0,False,True,2
188,5f6e71f3b273c13b726f3622,614.84,632.31,"Yeah, I would love to go back. Me and my friend were trying to figure out well even with Covid trying to figure out to go somewhere and we were going to look at like Yellowstone or one of the natural parks kind of out that way. But out of the Yellowstone is doing very well with fires and with everything going on, we decide",0.38999999999998636,17.469999999999914,0,False,False,65
189,5c4e58785994ca0001132982,631.94,632.36,Um,-0.36999999999989086,0.4199999999999591,0,False,True,1
190,5f6e71f3b273c13b726f3622,632.32,634.05,to stay on this side.,-0.03999999999996362,1.7299999999999045,0,False,True,5
191,5c4e58785994ca0001132982,635.04,639.96,Have they decided not to has the super volcano decided not to blow?,0.9900000000000091,4.920000000000073,1,True,False,13
192,5f6e71f3b273c13b726f3622,640.54,640.86,This,0.5799999999999272,0.32000000000005,0,False,False,1
193,5c4e58785994ca0001132982,640.54,642.55,I remember hearing about that like last year.,-0.32000000000005,2.009999999999991,0,False,True,8
194,5f6e71f3b273c13b726f3622,642.84,647.25,"oh I don't know, I have to look that up. That does freak me out. I don't want to be by volcano.",0.2900000000000773,4.409999999999968,0,False,False,24
195,5c4e58785994ca0001132982,646.94,647.18,"Yes,",-0.30999999999994543,0.2399999999998954,0,False,True,1
196,5f6e71f3b273c13b726f3622,648.24,648.86,Gosh!,1.0600000000000591,0.6200000000000045,0,False,False,1
197,5c4e58785994ca0001132982,648.64,652.46,that would be a that would be a tough uh an adventurer I,-0.22000000000002728,3.82000000000005,0,False,True,13
198,5f6e71f3b273c13b726f3622,652.44,653.27,"Yeah,",-0.01999999999998181,0.8299999999999272,0,False,True,1
199,5c4e58785994ca0001132982,652.46,653.85,guess.,-0.8099999999999454,1.3899999999999864,0,False,True,1
200,5f6e71f3b273c13b726f3622,653.28,661.51,"I think this year I've had and I got, so I do like to travel, I got stuck in peru because of Covid like they shut the country",-0.57000000000005,8.230000000000018,0,False,True,29
201,5c4e58785994ca0001132982,661.44,661.86,Oh,-0.06999999999993634,0.4199999999999591,0,False,True,1
202,5f6e71f3b273c13b726f3622,661.51,663.96,down and I was still in it.,-0.35000000000002274,2.4500000000000455,0,False,True,7
203,5c4e58785994ca0001132982,663.74,664.85,wow.,-0.22000000000002728,1.1100000000000136,0,False,True,1
204,5f6e71f3b273c13b726f3622,664.94,666.35,I feel like I've had enough adventure,0.09000000000003183,1.4099999999999682,0,False,False,8
205,5c4e58785994ca0001132982,666.14,666.56,Oh,-0.21000000000003638,0.4199999999999591,0,False,True,1
206,5f6e71f3b273c13b726f3622,667.14,667.65,this,0.5800000000000409,0.5099999999999909,0,False,False,1
207,5c4e58785994ca0001132982,667.34,670.01,"you were like stick your foot in the door. Wait, wait, let",-0.30999999999994543,2.669999999999959,0,False,True,12
208,5f6e71f3b273c13b726f3622,669.64,669.96,like,-0.37000000000000455,0.32000000000005,0,False,True,1
209,5c4e58785994ca0001132982,670.01,670.96,me out.,0.049999999999954525,0.9500000000000455,0,False,False,2
210,5f6e71f3b273c13b726f3622,670.34,676.16,"you know they, they completely shut it down so it was they",-0.6200000000000045,5.819999999999936,0,False,True,12
211,5c4e58785994ca0001132982,675.84,676.65,Um,-0.31999999999993634,0.8099999999999454,0,False,True,1
212,5f6e71f3b273c13b726f3622,676.54,692.98,"they gave I was in Cusco so the airport there you have to kind of, I think it is international but you have to train, you have to fly to lima to get out and They gave tourists or people 23 hours to get out of the country. But Cusco",-0.11000000000001364,16.440000000000055,0,False,True,50
213,5c4e58785994ca0001132982,692.54,693.56,23,-0.44000000000005457,1.0199999999999818,0,False,True,1
214,5f6e71f3b273c13b726f3622,692.98,700.76,"decided to close the airport that night. So they effectively, they essentially gave people Like four hours to get out. Uh huh",-0.5799999999999272,7.779999999999973,0,False,True,22
215,5c4e58785994ca0001132982,700.44,701.46,Oh vulnerable.,-0.31999999999993634,1.0199999999999818,0,False,True,2
216,5f6e71f3b273c13b726f3622,701.24,703.25,"and yeah, I didn't make it.",-0.22000000000002728,2.009999999999991,0,False,True,7
217,5c4e58785994ca0001132982,702.84,704.25,"We didn't have it,",-0.40999999999996817,1.4099999999999682,0,False,True,5
218,5f6e71f3b273c13b726f3622,704.04,705.26,My friend,-0.21000000000003638,1.2200000000000273,0,False,True,2
219,5c4e58785994ca0001132982,704.84,705.35,wow.,-0.4199999999999591,0.5099999999999909,0,False,True,1
220,5f6e71f3b273c13b726f3622,705.27,708.72,"was when he actually was stuck for five months, He couldn't",-0.08000000000004093,3.4500000000000455,0,False,True,12
221,5c4e58785994ca0001132982,708.64,708.85,Oh.,-0.08000000000004093,0.21000000000003638,0,False,True,1
222,5f6e71f3b273c13b726f3622,708.72,710.76,get out. I was only stuck for like,-0.12999999999999545,2.0399999999999636,0,False,True,8
223,5c4e58785994ca0001132982,710.64,710.96,Mhm.,-0.12000000000000455,0.32000000000005,0,False,True,1
224,5f6e71f3b273c13b726f3622,710.77,713.56,"10, 11 days. But",-0.19000000000005457,2.7899999999999636,0,False,True,4
225,5c4e58785994ca0001132982,713.74,715.61,So,0.18000000000006366,1.8700000000000045,0,False,False,1
226,5f6e71f3b273c13b726f3622,714.64,714.96,"yeah,",-0.9700000000000273,0.32000000000005,0,False,True,1
227,5c4e58785994ca0001132982,715.61,723.38,"were you, I mean so you had to just two years taking a hotel, you had to just like extend",0.6499999999999773,7.769999999999982,0,False,False,20
228,5f6e71f3b273c13b726f3622,722.54,722.96,well,-0.8400000000000318,0.42000000000007276,0,False,True,1
229,5c4e58785994ca0001132982,723.39,724.04,all,0.42999999999995,0.6499999999999773,0,False,False,1
230,5f6e71f3b273c13b726f3622,723.54,724.05,"I had a,",-0.5,0.5099999999999909,0,False,True,3
231,5c4e58785994ca0001132982,724.04,727.35,of that?,-0.009999999999990905,3.310000000000059,1,True,True,2
232,5f6e71f3b273c13b726f3622,724.44,732.09,"I had planned to hike much PCI that was the whole reason I had gone because I wanted to do it since I was young, like a lot younger and",-2.909999999999968,7.649999999999977,0,False,True,30
233,5c4e58785994ca0001132982,731.74,731.95,Mhm.,-0.35000000000002274,0.21000000000003638,0,False,True,1
234,5f6e71f3b273c13b726f3622,732.09,746.41,that got canceled. So I found a hotel and then I thought I was getting a flight out so I cancelled the hotel and then I realized I was not getting a flight out and the hotel decided to close. So I just looked in Airbnb,0.13999999999998636,14.319999999999936,0,False,False,46
235,5c4e58785994ca0001132982,745.74,745.95,Mhm.,-0.6699999999999591,0.21000000000003638,0,False,True,1
236,5f6e71f3b273c13b726f3622,746.41,756.26,"like the cheapest Airbnb I could find and was just stuck In an Airbnb for 10 days with no windows. Oh you're a baby,",0.4599999999999227,9.850000000000023,0,False,False,25
237,5c4e58785994ca0001132982,755.64,757.74,Mhm. I was Yeah.,-0.6200000000000045,2.1000000000000227,0,False,True,4
238,5f6e71f3b273c13b726f3622,758.04,759.56,you work for Airbnb?,0.2999999999999545,1.5199999999999818,1,True,False,4
239,5c4e58785994ca0001132982,759.84,760.25,"Yeah,",0.2800000000000864,0.40999999999996817,0,False,False,1
240,5f6e71f3b273c13b726f3622,760.44,761.25,Okay.,0.19000000000005457,0.8099999999999454,0,False,False,1
241,5c4e58785994ca0001132982,761.54,768.25,a few years customer service just so so when you got there and like you know the door was still locked or,0.2899999999999636,6.710000000000036,0,False,False,22
242,5f6e71f3b273c13b726f3622,767.94,768.36,Oh you,-0.30999999999994543,0.4199999999999591,0,False,True,2
243,5c4e58785994ca0001132982,768.26,768.43,the,-0.10000000000002274,0.16999999999995907,0,False,True,1
244,5f6e71f3b273c13b726f3622,768.36,768.66,would,-0.06999999999993634,0.2999999999999545,0,False,True,1
245,5c4e58785994ca0001132982,768.43,773.16,"bad, you know the previous previous visitors were still there, you would call me.",-0.2300000000000182,4.730000000000018,0,False,True,14
246,5f6e71f3b273c13b726f3622,773.14,792.0,Okay. Yeah I actually spent I had to call Airbnb when um why do I have to call? I had to call them for some reservation I had that I had to can't identify to cancel it or change it. But yeah I was it was interesting. I mean I love Peru would definitely go back. It was a bit intimidating,-0.01999999999998181,18.860000000000014,1,False,True,62
247,5c4e58785994ca0001132982,791.74,792.15,Uh huh.,-0.2599999999999909,0.40999999999996817,0,False,True,2
248,5f6e71f3b273c13b726f3622,792.01,794.86,because I do not speak spanish and they had,-0.13999999999998636,2.8500000000000227,0,False,True,9
249,5c4e58785994ca0001132982,794.64,795.15,Oh,-0.22000000000002728,0.5099999999999909,0,False,True,1
250,5f6e71f3b273c13b726f3622,795.34,801.66,like it looked like military police. I mean they were on straight lock down like you did not believe,0.19000000000005457,6.319999999999936,0,False,False,19
251,5c4e58785994ca0001132982,801.34,805.62,"yeah,",-0.31999999999993634,4.279999999999973,0,False,True,1
252,5f6e71f3b273c13b726f3622,802.54,805.85,leave that. So,-3.080000000000041,3.310000000000059,0,False,True,3
253,5c4e58785994ca0001132982,805.63,812.35,"yeah, that that would be hard. I mean even like I speak spanish and I would not want to have those kinds of interactions",-0.22000000000002728,6.720000000000027,0,False,True,24
254,5f6e71f3b273c13b726f3622,812.74,813.01,uh,0.38999999999998636,0.2699999999999818,0,False,False,1
255,5c4e58785994ca0001132982,812.84,813.32,in,-0.16999999999995907,0.4800000000000182,0,False,True,1
256,5f6e71f3b273c13b726f3622,813.12,813.36,huh.,-0.20000000000004547,0.2400000000000091,0,False,True,1
257,5c4e58785994ca0001132982,813.33,816.16,a simple language.,-0.029999999999972715,2.8299999999999272,0,False,True,3
258,5f6e71f3b273c13b726f3622,814.74,824.42,"I do not speak a word I mean spanish but my friend he's fluent, he's actually from Belize so he would tell me he's like oh I blend in better than you",-1.419999999999959,9.67999999999995,0,False,True,35
259,5c4e58785994ca0001132982,824.14,824.56,"Mhm,",-0.2799999999999727,0.4199999999999591,0,False,True,1
260,5f6e71f3b273c13b726f3622,824.43,829.93,so let me do the talking or if we have to get food let me get the food and you stay,-0.12999999999999545,5.5,0,False,True,21
261,5c4e58785994ca0001132982,829.84,830.0,mm,-0.08999999999991815,0.15999999999996817,0,False,True,1
262,5f6e71f3b273c13b726f3622,829.93,830.01,in,-0.07000000000005002,0.08000000000004093,0,False,True,1
263,5c4e58785994ca0001132982,830.0,830.46,hmm.,-0.009999999999990905,0.4600000000000364,0,False,True,1
264,5f6e71f3b273c13b726f3622,830.01,839.12,"the Air BNB because if they stop me I wouldn't I wouldn't even know what to say, I just show them my passport. Mhm. Yeah so no I don't",-0.4500000000000455,9.110000000000014,0,False,True,32
265,5c4e58785994ca0001132982,839.04,839.24,Yeah.,-0.08000000000004093,0.20000000000004547,0,False,True,1
266,5f6e71f3b273c13b726f3622,839.12,839.76,need I don't know,-0.12000000000000455,0.6399999999999864,0,False,True,5
267,5c4e58785994ca0001132982,839.74,840.36,Mhm,-0.01999999999998181,0.6200000000000045,0,False,True,1
268,5f6e71f3b273c13b726f3622,839.76,847.35,if I could deal with the volcano going off being stuck somewhere with a volcano. Mhm Mhm Okay.,-0.6000000000000227,7.590000000000032,0,False,True,18
269,5c4e58785994ca0001132982,846.94,851.42,"Oh, I got rid of a little of supporter. Yeah.",-0.40999999999996817,4.4799999999999045,0,False,True,10
270,5f6e71f3b273c13b726f3622,850.34,851.44,Uh huh.,-1.0799999999999272,1.1000000000000227,0,False,True,2
271,5c4e58785994ca0001132982,851.6,854.07,Very they're,0.15999999999996817,2.4700000000000273,0,False,False,3
272,5f6e71f3b273c13b726f3622,853.84,854.12,You,-0.2300000000000182,0.2799999999999727,0,False,True,1
273,5c4e58785994ca0001132982,854.07,855.25,powerful.,-0.049999999999954525,1.17999999999995,0,False,True,1
274,5f6e71f3b273c13b726f3622,854.12,856.22,just are you going to stay in Arizona do you,-1.1299999999999955,2.1000000000000227,0,False,True,10
275,5c4e58785994ca0001132982,856.14,858.86,Um,-0.08000000000004093,2.7200000000000273,0,False,True,1
276,5f6e71f3b273c13b726f3622,856.22,856.96,think?,-2.6399999999999864,0.7400000000000091,1,True,True,1
277,5c4e58785994ca0001132982,859.44,859.95,Okay.,2.480000000000018,0.5099999999999909,0,False,False,1
278,5f6e71f3b273c13b726f3622,860.14,860.46,Yeah.,0.18999999999994088,0.32000000000005,0,False,False,1
279,5c4e58785994ca0001132982,860.34,862.01,"Yeah. I don't know, I mean people",-0.12000000000000455,1.669999999999959,0,False,True,8
280,5f6e71f3b273c13b726f3622,861.94,862.14,Yeah.,-0.06999999999993634,0.1999999999999318,0,False,True,1
281,5c4e58785994ca0001132982,862.01,870.54,"I I I at this point right now, yes right now yes, until something else comes up. I mean we had we had a little,",-0.12999999999999545,8.529999999999973,0,False,True,25
282,5f6e71f3b273c13b726f3622,870.34,870.66,Mhm.,-0.1999999999999318,0.31999999999993634,0,False,True,1
283,5c4e58785994ca0001132982,870.55,872.86,we had quite an adventure getting here,-0.11000000000001364,2.310000000000059,0,False,True,7
284,5f6e71f3b273c13b726f3622,873.24,873.44,Yeah.,0.37999999999999545,0.20000000000004547,0,False,False,1
285,5c4e58785994ca0001132982,873.24,877.97,and uh so we we we found a great place on craigslist site,-0.20000000000004547,4.730000000000018,0,False,True,13
286,5f6e71f3b273c13b726f3622,877.74,877.94,Yeah,-0.2300000000000182,0.20000000000004547,0,False,True,1
287,5c4e58785994ca0001132982,877.97,881.96,"on scene, so we didn't even have to come down here to rent a house before",0.029999999999972715,3.990000000000009,0,False,False,17
288,5f6e71f3b273c13b726f3622,882.34,882.76,that's good.,0.37999999999999545,0.4199999999999591,0,False,False,3
289,5c4e58785994ca0001132982,882.54,887.16,before we moved out because they were going to fly her down to house hunt,-0.22000000000002728,4.6200000000000045,0,False,True,15
290,5f6e71f3b273c13b726f3622,887.34,887.96,Oh wow.,0.18000000000006366,0.6200000000000045,0,False,False,2
291,5c4e58785994ca0001132982,887.74,888.46,and then bring it,-0.22000000000002728,0.7200000000000273,0,False,True,4
292,5f6e71f3b273c13b726f3622,888.44,888.64,Yeah,-0.01999999999998181,0.1999999999999318,0,False,True,1
293,5c4e58785994ca0001132982,888.46,894.26,"back and then move us out. And we were like, well wait, we can just, this looks, this looks great, we'll just do this. And",-0.17999999999994998,5.7999999999999545,0,False,True,26
294,5f6e71f3b273c13b726f3622,894.24,894.45,these,-0.01999999999998181,0.21000000000003638,0,False,True,1
295,5c4e58785994ca0001132982,894.27,898.56,it was except for the fact that the roof leak that they could never did it not to.,-0.18000000000006366,4.289999999999964,0,False,True,18
296,5f6e71f3b273c13b726f3622,898.64,899.15,Oh,0.08000000000004093,0.5099999999999909,0,False,False,1
297,5c4e58785994ca0001132982,898.94,904.77,"And and here there during the monsoon season, the rain just flies like sideways sometimes",-0.2099999999999227,5.829999999999927,0,False,True,15
298,5f6e71f3b273c13b726f3622,904.74,905.06,yeah,-0.029999999999972715,0.31999999999993634,0,False,True,1
299,5c4e58785994ca0001132982,904.77,915.3,"just straight. And we had this whole beautiful entryway, you know like a tall ceiling with windows up high and water just running down the inside of",-0.2899999999999636,10.529999999999973,0,False,True,27
300,5f6e71f3b273c13b726f3622,915.24,916.05,buddy.,-0.05999999999994543,0.8099999999999454,0,False,True,1
301,5c4e58785994ca0001132982,915.3,918.14,the whole thing and it would rain. We,-0.75,2.840000000000032,0,False,True,8
302,5f6e71f3b273c13b726f3622,917.74,918.25,Yeah that's,-0.39999999999997726,0.5099999999999909,0,False,True,3
303,5c4e58785994ca0001132982,918.14,921.0,"had, we have to remember where the Little Puddles",-0.11000000000001364,2.8600000000000136,0,False,True,9
304,5f6e71f3b273c13b726f3622,920.44,920.76,thanks.,-0.5599999999999454,0.31999999999993634,0,False,True,1
305,5c4e58785994ca0001132982,921.0,927.25,were in the bedroom to not leave anything there if we weren't going to be there to like soak them up with towels and,0.2400000000000091,6.25,0,False,False,25
306,5f6e71f3b273c13b726f3622,927.24,927.45,Mm.,-0.009999999999990905,0.21000000000003638,0,False,True,1
307,5c4e58785994ca0001132982,927.25,933.96,"months and months of this. And they were and then at some point after they had replaced the entire room for $10,000,",-0.20000000000004547,6.710000000000036,0,False,True,23
308,5f6e71f3b273c13b726f3622,933.24,933.56,Yeah.,-0.7200000000000273,0.31999999999993634,0,False,True,1
309,5c4e58785994ca0001132982,934.07,936.36,they love to tell us how much that cost,0.5100000000001046,2.2899999999999636,0,False,False,9
310,5f6e71f3b273c13b726f3622,935.74,935.94,Yeah.,-0.6200000000000045,0.20000000000004547,0,False,True,1
311,5c4e58785994ca0001132982,937.04,939.22,and it's still leaked.,1.099999999999909,2.1800000000000637,0,False,False,5
312,5f6e71f3b273c13b726f3622,938.34,938.55,Mhm,-0.8799999999999955,0.2099999999999227,0,False,True,1
313,5c4e58785994ca0001132982,939.23,951.54,"I think they stopped believing us. We were like, no, here's a video. Like it rained this is us like sopping water up off of the concrete floor. And they have a painted concrete, same",0.6800000000000637,12.309999999999945,0,False,False,36
314,5f6e71f3b273c13b726f3622,951.44,951.86,Thanks.,-0.09999999999990905,0.4199999999999591,0,False,True,1
315,5c4e58785994ca0001132982,951.55,952.96,"concrete,",-0.3100000000000591,1.4100000000000819,0,False,True,1
316,5f6e71f3b273c13b726f3622,953.24,954.1,I'm surprised,0.2799999999999727,0.8600000000000136,0,False,False,3
317,5c4e58785994ca0001132982,953.74,955.36,pretty fine,-0.36000000000001364,1.6200000000000045,0,False,True,2
318,5f6e71f3b273c13b726f3622,954.94,955.26,what,-0.4199999999999591,0.31999999999993634,0,False,True,1
319,5c4e58785994ca0001132982,955.36,956.16,for the ringing. But,0.10000000000002274,0.7999999999999545,0,False,False,4
320,5f6e71f3b273c13b726f3622,956.04,957.45,yeah they wouldn't want to get that fixed,-0.12000000000000455,1.4100000000000819,0,False,True,9
321,5c4e58785994ca0001132982,957.44,960.46,"yeah,",-0.009999999999990905,3.019999999999982,0,False,True,1
322,5f6e71f3b273c13b726f3622,957.45,962.85,because that causes a whole bunch of proper like water just a good mix with you know the house.,-3.009999999999991,5.399999999999977,0,False,True,19
323,5c4e58785994ca0001132982,962.84,964.74,"yeah, in the walls and all",-0.009999999999990905,1.8999999999999773,0,False,True,6
324,5f6e71f3b273c13b726f3622,964.74,964.94,Yeah,0.0,0.20000000000004547,0,False,False,1
325,5c4e58785994ca0001132982,964.74,969.95,"that and they tried but they but for whatever, even after doing redoing the entire roof,",-0.20000000000004547,5.210000000000036,0,False,True,16
326,5f6e71f3b273c13b726f3622,970.04,970.66,just,0.08999999999991815,0.6200000000000045,0,False,False,1
327,5c4e58785994ca0001132982,970.34,972.05,it's it's a leaked.,-0.31999999999993634,1.7099999999999227,0,False,True,6
328,5f6e71f3b273c13b726f3622,972.54,972.96,how,0.4900000000000091,0.42000000000007276,0,False,False,1
329,5c4e58785994ca0001132982,972.54,983.49,And then at that point they said they weren't going to continue giving us the rent reduction that they had been of like $150 a month or something that we were getting off,-0.42000000000007276,10.950000000000045,0,False,True,35
330,5f6e71f3b273c13b726f3622,983.34,983.55,Okay,-0.14999999999997726,0.2099999999999227,0,False,True,1
331,5c4e58785994ca0001132982,983.49,988.76,of the rent to have to deal with flooding in the house all the time.,-0.05999999999994543,5.269999999999982,0,False,True,15
332,5f6e71f3b273c13b726f3622,988.54,989.26,thank you. Did,-0.22000000000002728,0.7200000000000273,0,False,True,3
333,5c4e58785994ca0001132982,989.04,993.25,"And they were like, yeah, we're not going to do that anymore. And we were like, yeah, we're not going to read here anymore.",-0.22000000000002728,4.210000000000036,0,False,True,26
334,5f6e71f3b273c13b726f3622,992.84,993.31,it will be,-0.40999999999996817,0.4699999999999136,0,False,True,3
335,5c4e58785994ca0001132982,993.26,993.46,And,-0.049999999999954525,0.20000000000004547,0,False,True,1
336,5f6e71f3b273c13b726f3622,993.31,993.46,like,-0.15000000000009095,0.15000000000009095,0,False,True,1
337,5c4e58785994ca0001132982,993.46,995.25,so they went out of the lease.,0.0,1.7899999999999636,0,False,False,7
338,5f6e71f3b273c13b726f3622,995.24,995.56,yeah,-0.009999999999990905,0.31999999999993634,0,False,True,1
339,5c4e58785994ca0001132982,995.54,995.75,Right.,-0.01999999999998181,0.21000000000003638,0,False,True,1
340,5f6e71f3b273c13b726f3622,995.56,997.26,I just leave that would be,-0.19000000000005457,1.7000000000000455,0,False,True,6
341,5c4e58785994ca0001132982,997.24,997.74,Yeah.,-0.01999999999998181,0.5,0,False,True,1
342,5f6e71f3b273c13b726f3622,997.26,999.04,a studio,-0.4800000000000182,1.7799999999999727,0,False,True,2
343,5c4e58785994ca0001132982,998.44,998.86,Mhm.,-0.599999999999909,0.4199999999999591,0,False,True,1
344,5f6e71f3b273c13b726f3622,999.05,999.46,where,0.18999999999994088,0.41000000000008185,0,False,False,1
345,5c4e58785994ca0001132982,999.44,999.94,Yeah.,-0.01999999999998181,0.5,0,False,True,1
346,5f6e71f3b273c13b726f3622,999.46,1011.62,"I live now and they had like a sewage problem, it was awful, it was terrible, it was like leak sewage and I was like you have to break my lease and then they tell me to clean it up and I was like I'm not cleaning up ross",-0.4800000000000182,12.159999999999968,0,False,True,50
347,5c4e58785994ca0001132982,1011.24,1011.77,Oh,-0.37999999999999545,0.5299999999999727,0,False,True,1
348,5f6e71f3b273c13b726f3622,1011.62,1014.4,like raw sewage like that can't,-0.14999999999997726,2.7799999999999727,0,False,True,7
349,5c4e58785994ca0001132982,1014.34,1014.97,wow.,-0.05999999999994543,0.6299999999999955,0,False,True,1
350,5f6e71f3b273c13b726f3622,1014.4,1019.12,be that can't be like I don't know. So then they,-0.57000000000005,4.720000000000027,0,False,True,13
351,5c4e58785994ca0001132982,1019.04,1019.37,Happy,-0.08000000000004093,0.3300000000000409,0,False,True,1
352,5f6e71f3b273c13b726f3622,1019.12,1019.58,said it was,-0.25,0.4600000000000364,0,False,True,3
353,5c4e58785994ca0001132982,1019.48,1019.88,for,-0.10000000000002274,0.39999999999997726,0,False,True,1
354,5f6e71f3b273c13b726f3622,1019.58,1020.05,lawyers,-0.2999999999999545,0.4699999999999136,0,False,True,1
355,5c4e58785994ca0001132982,1019.88,1020.15,them.,-0.16999999999995907,0.2699999999999818,0,False,True,1
356,5f6e71f3b273c13b726f3622,1020.05,1026.31,who owned it was two lawyers that unlike the building and they sent their poor secretary to do it and I was,-0.10000000000002274,6.259999999999991,0,False,True,22
357,5c4e58785994ca0001132982,1026.24,1026.96,Oh,-0.06999999999993634,0.7200000000000273,0,False,True,1
358,5f6e71f3b273c13b726f3622,1026.31,1031.06,"like you, I was like I don't want you cleaning this up, that's awful. So",-0.650000000000091,4.75,0,False,True,17
359,5c4e58785994ca0001132982,1030.94,1031.45,right.,-0.11999999999989086,0.5099999999999909,0,False,True,1
360,5f6e71f3b273c13b726f3622,1031.84,1032.77,"yeah, it was bad.",0.38999999999987267,0.9300000000000637,0,False,False,4
361,5c4e58785994ca0001132982,1032.34,1035.97,She's got a law degree for doing that for,-0.43000000000006366,3.630000000000109,0,False,True,10
362,5f6e71f3b273c13b726f3622,1035.94,1037.24,"Yeah,",-0.029999999999972715,1.2999999999999545,0,False,True,1
363,5c4e58785994ca0001132982,1035.97,1037.35,them.,-1.2699999999999818,1.3799999999998818,0,False,True,1
364,5f6e71f3b273c13b726f3622,1037.25,1043.03,she did not need to be doing it. Uh huh But it has,-0.09999999999990905,5.779999999999973,0,False,True,13
365,5c4e58785994ca0001132982,1042.94,1043.35,Yeah.,-0.08999999999991815,0.4099999999998545,0,False,True,1
366,5f6e71f3b273c13b726f3622,1043.04,1045.67,"been affected, you got like you over there,",-0.30999999999994543,2.630000000000109,0,False,True,8
367,5c4e58785994ca0001132982,1046.74,1048.24,Uh quite a bit.,1.0699999999999363,1.5,0,False,False,4
368,5f6e71f3b273c13b726f3622,1048.24,1048.45,thanks.,0.0,0.21000000000003638,0,False,False,1
369,5c4e58785994ca0001132982,1048.25,1049.59,"Yeah, the city",-0.20000000000004547,1.3399999999999181,0,False,True,3
370,5f6e71f3b273c13b726f3622,1049.04,1049.27,Yeah.,-0.5499999999999545,0.2300000000000182,0,False,True,1
371,5c4e58785994ca0001132982,1049.59,1050.4,"has,",0.31999999999993634,0.8100000000001728,0,False,False,1
372,5f6e71f3b273c13b726f3622,1050.14,1050.35,Okay.,-0.2599999999999909,0.209999999999809,0,False,True,1
373,5c4e58785994ca0001132982,1050.41,1053.01,I mean the response to Covid,0.060000000000172804,2.599999999999909,0,False,False,6
374,5f6e71f3b273c13b726f3622,1052.84,1053.1,Okay.,-0.17000000000007276,0.2599999999999909,0,False,True,1
375,5c4e58785994ca0001132982,1053.01,1054.17,has affected us a lot.,-0.08999999999991815,1.1600000000000819,0,False,True,5
376,5f6e71f3b273c13b726f3622,1054.04,1055.17,Yeah.,-0.13000000000010914,1.1300000000001091,0,False,True,1
377,5c4e58785994ca0001132982,1055.14,1057.53,I don't personally know anyone who's been diagnosed,-0.029999999999972715,2.3899999999998727,0,False,True,10
378,5f6e71f3b273c13b726f3622,1058.14,1059.16,Really?,0.6100000000001273,1.0199999999999818,1,True,False,1
379,5c4e58785994ca0001132982,1058.24,1058.96,"as far as I,",-0.9200000000000728,0.7200000000000273,0,False,True,4
380,5f6e71f3b273c13b726f3622,1059.54,1059.77,Yeah.,0.5799999999999272,0.2300000000000182,0,False,False,1
381,5c4e58785994ca0001132982,1059.54,1063.95,"and you know, I don't ask everybody I know, but no one has never come up",-0.2300000000000182,4.410000000000082,0,False,True,17
382,5f6e71f3b273c13b726f3622,1063.74,1064.16,Oh,-0.21000000000003638,0.42000000000007276,0,False,True,1
383,5c4e58785994ca0001132982,1063.96,1065.06,that anyone I know,-0.20000000000004547,1.099999999999909,0,False,True,4
384,5f6e71f3b273c13b726f3622,1065.34,1065.67,that's,0.2799999999999727,0.3300000000001546,0,False,False,2
385,5c4e58785994ca0001132982,1065.44,1066.36,"diagnosed with it,",-0.2300000000000182,0.9199999999998454,0,False,True,3
386,5f6e71f3b273c13b726f3622,1066.94,1067.26,"yeah,",0.5800000000001546,0.31999999999993634,0,False,False,1
387,5c4e58785994ca0001132982,1067.04,1069.27,but the response has been ridiculous.,-0.22000000000002728,2.230000000000018,0,False,True,6
388,5f6e71f3b273c13b726f3622,1070.54,1071.05,it's,1.2699999999999818,0.5099999999999909,0,False,False,2
389,5c4e58785994ca0001132982,1070.84,1072.6,"I was already working remotely,",-0.21000000000003638,1.759999999999991,0,False,True,5
390,5f6e71f3b273c13b726f3622,1072.24,1073.49,oh,-0.35999999999989996,1.25,0,False,True,1
391,5c4e58785994ca0001132982,1072.6,1073.27,so,-0.8900000000001,0.6700000000000728,0,False,True,1
392,5f6e71f3b273c13b726f3622,1073.5,1074.06,that's good.,0.2300000000000182,0.5599999999999454,0,False,False,3
393,5c4e58785994ca0001132982,1073.84,1074.81,it actually didn't,-0.22000000000002728,0.9700000000000273,0,False,True,4
394,5f6e71f3b273c13b726f3622,1074.74,1075.45,Yeah.,-0.06999999999993634,0.7100000000000364,0,False,True,1
395,5c4e58785994ca0001132982,1074.81,1085.95,"affect me beyond. My clients had about 50% of the work that they did prior, I had a little spike when they were, it's tried to translation. And so",-0.6400000000001,11.1400000000001,0,False,True,30
396,5f6e71f3b273c13b726f3622,1085.94,1086.26,Yeah.,-0.009999999999990905,0.31999999999993634,0,False,True,1
397,5c4e58785994ca0001132982,1085.95,1094.04,"they were all putting out there press releases and like communicates to their customers about how they were going to deal with Covid, so I have a",-0.30999999999994543,8.089999999999918,0,False,True,27
398,5f6e71f3b273c13b726f3622,1094.04,1094.36,Yes.,0.0,0.31999999999993634,0,False,False,1
399,5c4e58785994ca0001132982,1094.05,1106.96,"lot of stuff to do right up front, And then they had them, they only had like 48, exactly about exactly 45% of the work because I had to do the math for uh finance stuff. But um",-0.30999999999994543,12.910000000000082,0,False,True,38
400,5f6e71f3b273c13b726f3622,1106.64,1107.9,Do you try and like,-0.31999999999993634,1.259999999999991,0,False,True,5
401,5c4e58785994ca0001132982,1107.34,1107.67,because,-0.5600000000001728,0.3300000000001546,0,False,True,1
402,5f6e71f3b273c13b726f3622,1107.91,1108.52,is,0.2400000000000091,0.6099999999999,0,False,False,1
403,5c4e58785994ca0001132982,1108.04,1108.46,Mhm.,-0.4800000000000182,0.42000000000007276,0,False,True,1
404,5f6e71f3b273c13b726f3622,1108.52,1109.45,it spanish?,0.05999999999994543,0.9300000000000637,1,True,False,2
405,5c4e58785994ca0001132982,1110.14,1114.66,"Uh No, the bulk of what I'm doing right now is german to english.",0.6900000000000546,4.519999999999982,0,False,False,15
406,5f6e71f3b273c13b726f3622,1114.84,1116.16,Okay.,0.1799999999998363,1.3200000000001637,0,False,False,1
407,5c4e58785994ca0001132982,1115.74,1123.55,"Absolutely, so I would I would like to do a lot more uh different languages",-0.42000000000007276,7.809999999999945,0,False,True,15
408,5f6e71f3b273c13b726f3622,1123.14,1123.76,Yeah.,-0.4099999999998545,0.6199999999998909,0,False,True,1
409,5c4e58785994ca0001132982,1124.14,1129.0,all into english because I'm not fluent enough in any of the,0.38000000000010914,4.8599999999999,0,False,False,13
410,5f6e71f3b273c13b726f3622,1128.74,1128.94,Yeah.,-0.2599999999999909,0.20000000000004547,0,False,True,1
411,5c4e58785994ca0001132982,1129.01,1130.37,any dog languages currently,0.06999999999993634,1.3599999999999,0,False,False,4
412,5f6e71f3b273c13b726f3622,1130.24,1131.47,So,-0.12999999999988177,1.2300000000000182,0,False,True,1
413,5c4e58785994ca0001132982,1130.38,1130.96,into town,-1.0899999999999181,0.5799999999999272,0,False,True,2
414,5f6e71f3b273c13b726f3622,1131.47,1135.67,"what do you speak spanish english, german",0.5099999999999909,4.2000000000000455,0,False,False,7
415,5c4e58785994ca0001132982,1135.54,1136.35,french.,-0.13000000000010914,0.8099999999999454,0,False,True,1
416,5f6e71f3b273c13b726f3622,1136.34,1136.55,"right,",-0.009999999999990905,0.21000000000003638,0,False,True,1
417,5c4e58785994ca0001132982,1136.36,1148.56,"Uh And then so those are those those I have, I would have no problem. And then the next year where I'm blessed fluent dutch and Norwegian",-0.19000000000005457,12.200000000000045,0,False,True,28
418,5f6e71f3b273c13b726f3622,1147.64,1148.05,yeah,-0.9199999999998454,0.4099999999998545,0,False,True,1
419,5c4e58785994ca0001132982,1149.44,1150.36,danish,1.3900000000001,0.9199999999998454,0,False,False,1
420,5f6e71f3b273c13b726f3622,1150.74,1152.17,"my gosh,",0.38000000000010914,1.4300000000000637,0,False,False,2
421,5c4e58785994ca0001132982,1151.24,1155.11,and then I could oh and Swedish and,-0.9300000000000637,3.869999999999891,0,False,True,8
422,5f6e71f3b273c13b726f3622,1155.04,1155.27,I'm,-0.06999999999993634,0.2300000000000182,0,False,True,2
423,5c4e58785994ca0001132982,1155.11,1155.38,I could,-0.16000000000008185,0.2700000000002092,0,False,True,2
424,5f6e71f3b273c13b726f3622,1155.27,1155.67,"sick,",-0.11000000000012733,0.40000000000009095,0,False,True,1
425,5c4e58785994ca0001132982,1155.38,1156.26,push myself,-0.2899999999999636,0.8799999999998818,0,False,True,2
426,5f6e71f3b273c13b726f3622,1156.04,1156.55,wow.,-0.22000000000002728,0.5099999999999909,0,False,True,1
427,5c4e58785994ca0001132982,1156.74,1157.57,to do,0.19000000000005457,0.8299999999999272,0,False,False,2
428,5f6e71f3b273c13b726f3622,1157.34,1157.55,Mhm,-0.2300000000000182,0.21000000000003638,0,False,True,1
429,5c4e58785994ca0001132982,1157.58,1159.62,a few others if I if I really,0.029999999999972715,2.0399999999999636,0,False,False,8
430,5f6e71f3b273c13b726f3622,1159.14,1159.56,Okay,-0.4799999999997908,0.4199999999998454,0,False,True,1
431,5c4e58785994ca0001132982,1159.63,1160.25,had,0.07000000000016371,0.6199999999998909,0,False,False,1
432,5f6e71f3b273c13b726f3622,1159.94,1160.66,okay.,-0.30999999999994543,0.7200000000000273,0,False,True,1
433,5c4e58785994ca0001132982,1160.25,1161.06,some time to,-0.41000000000008185,0.8099999999999454,0,False,True,3
434,5f6e71f3b273c13b726f3622,1161.04,1161.27,Yeah,-0.01999999999998181,0.2300000000000182,0,False,True,1
435,5c4e58785994ca0001132982,1161.07,1163.81,study first and then get going at a low,-0.20000000000004547,2.740000000000009,0,False,True,9
436,5f6e71f3b273c13b726f3622,1163.54,1164.53,how,-0.2699999999999818,0.9900000000000091,0,False,True,1
437,5c4e58785994ca0001132982,1163.81,1164.17,level.,-0.7200000000000273,0.36000000000012733,0,False,True,1
438,5f6e71f3b273c13b726f3622,1164.53,1165.44,do you know all those,0.35999999999989996,0.9100000000000819,0,False,False,5
439,5c4e58785994ca0001132982,1165.24,1165.56,Mhm.,-0.20000000000004547,0.31999999999993634,0,False,True,1
440,5f6e71f3b273c13b726f3622,1165.44,1166.36,languages?,-0.11999999999989086,0.9199999999998454,1,True,True,1
441,5c4e58785994ca0001132982,1167.24,1169.06,I just at some point,0.8800000000001091,1.8199999999999363,0,False,False,5
442,5f6e71f3b273c13b726f3622,1168.64,1168.84,Yeah.,-0.4199999999998454,0.1999999999998181,0,False,True,1
443,5c4e58785994ca0001132982,1169.44,1171.36,when I was walking in California,0.6000000000001364,1.9199999999998454,0,False,False,6
444,5f6e71f3b273c13b726f3622,1171.34,1172.26,Uh huh,-0.01999999999998181,0.9200000000000728,0,False,True,2
445,5c4e58785994ca0001132982,1171.74,1173.27,and I,-0.5199999999999818,1.5299999999999727,0,False,True,2
446,5f6e71f3b273c13b726f3622,1173.04,1173.45,Yeah.,-0.2300000000000182,0.41000000000008185,0,False,True,1
447,5c4e58785994ca0001132982,1173.28,1175.64,"ended up when I got to Oregon, I ended up staying",-0.17000000000007276,2.3600000000001273,0,False,True,11
448,5f6e71f3b273c13b726f3622,1175.44,1175.67,Yeah.,-0.20000000000004547,0.2300000000000182,0,False,True,1
449,5c4e58785994ca0001132982,1175.64,1186.69,"in this place in this town for down years and I would, their thrift store was run by tweet ladies from the",-0.029999999999972715,11.049999999999955,0,False,True,22
450,5f6e71f3b273c13b726f3622,1186.54,1186.77,Yeah.,-0.15000000000009095,0.2300000000000182,0,False,True,1
451,5c4e58785994ca0001132982,1186.69,1193.07,"humane society and when their bookshelves were full of anything at all,",-0.07999999999992724,6.379999999999882,0,False,True,12
452,5f6e71f3b273c13b726f3622,1192.94,1193.36,World,-0.12999999999988177,0.4199999999998454,0,False,True,1
453,5c4e58785994ca0001132982,1193.15,1200.0,like they could have bookshelves full of trashy Danielle Steele novels and they would just throw away,-0.209999999999809,6.849999999999909,0,False,True,17
454,5f6e71f3b273c13b726f3622,1199.64,1199.84,yeah.,-0.35999999999989996,0.1999999999998181,0,False,True,1
455,5c4e58785994ca0001132982,1200.0,1200.65,all the books,0.16000000000008185,0.650000000000091,0,False,False,3
456,5f6e71f3b273c13b726f3622,1200.34,1202.16,Oh,-0.3100000000001728,1.8200000000001637,0,False,True,1
457,5c4e58785994ca0001132982,1200.65,1202.23,that got donated because the,-1.509999999999991,1.5799999999999272,0,False,True,5
458,5f6e71f3b273c13b726f3622,1202.17,1203.16,uh,-0.05999999999994543,0.9900000000000091,0,False,True,1
459,5c4e58785994ca0001132982,1202.23,1203.7,"shelter fault, they wouldn't",-0.9300000000000637,1.4700000000000273,0,False,True,5
460,5f6e71f3b273c13b726f3622,1203.64,1203.96,yeah,-0.05999999999994543,0.31999999999993634,0,False,True,1
461,5c4e58785994ca0001132982,1203.7,1204.48,even bother. I,-0.2599999999999909,0.7799999999999727,0,False,True,3
462,5f6e71f3b273c13b726f3622,1204.44,1204.67,"Okay,",-0.03999999999996362,0.2300000000000182,0,False,True,1
463,5c4e58785994ca0001132982,1204.48,1209.26,got a on an illustrated dictionary from like,-0.19000000000005457,4.779999999999973,0,False,True,8
464,5f6e71f3b273c13b726f3622,1209.24,1209.56,"wow,",-0.01999999999998181,0.31999999999993634,0,False,True,1
465,5c4e58785994ca0001132982,1209.64,1210.58,The late,0.08000000000015461,0.9399999999998272,0,False,False,2
466,5f6e71f3b273c13b726f3622,1210.24,1210.45,mhm,-0.33999999999991815,0.21000000000003638,0,False,True,1
467,5c4e58785994ca0001132982,1210.59,1211.95,18th century,0.13999999999987267,1.3600000000001273,0,False,False,2
468,5f6e71f3b273c13b726f3622,1212.04,1212.76,Oh my God,0.08999999999991815,0.7200000000000273,0,False,False,3
469,5c4e58785994ca0001132982,1212.54,1215.39,that I gave to a friend who happened to be having a birthday,-0.22000000000002728,2.8500000000001364,0,False,True,13
470,5f6e71f3b273c13b726f3622,1214.84,1215.04,"yeah,",-0.5500000000001819,0.20000000000004547,0,False,True,1
471,5c4e58785994ca0001132982,1215.39,1215.54,who,0.3500000000001364,0.14999999999986358,0,False,False,1
472,5f6e71f3b273c13b726f3622,1215.54,1215.77,this,0.0,0.2300000000000182,0,False,False,1
473,5c4e58785994ca0001132982,1215.54,1218.17,was actually into dictionaries.,-0.2300000000000182,2.630000000000109,0,False,True,4
474,5f6e71f3b273c13b726f3622,1218.04,1218.37,that's,-0.13000000000010914,0.32999999999992724,0,False,True,2
475,5c4e58785994ca0001132982,1218.18,1218.53,Like,-0.1899999999998272,0.34999999999990905,0,False,True,1
476,5f6e71f3b273c13b726f3622,1218.37,1218.55,"cool,",-0.16000000000008185,0.18000000000006366,0,False,True,1
477,5c4e58785994ca0001132982,1218.53,1220.85,this thing where I have no idea what the value,-0.01999999999998181,2.3199999999999363,0,False,True,10
478,5f6e71f3b273c13b726f3622,1220.84,1222.67,mm,-0.009999999999990905,1.8300000000001546,0,False,True,1
479,5c4e58785994ca0001132982,1220.85,1224.25,"of that was there, it was in their dumpster in a box",-1.8200000000001637,3.400000000000091,0,False,True,12
480,5f6e71f3b273c13b726f3622,1223.94,1226.36,"wow,",-0.30999999999994543,2.4199999999998454,0,False,True,1
481,5c4e58785994ca0001132982,1224.25,1227.03,of books and so I got a lot,-2.1099999999999,2.7799999999999727,0,False,True,8
482,5f6e71f3b273c13b726f3622,1226.94,1227.17,mhm.,-0.08999999999991815,0.2300000000000182,0,False,True,1
483,5c4e58785994ca0001132982,1227.03,1233.17,"of books in foreign languages and I was just like, oh okay, I'll just learn to play. Mhm.",-0.14000000000010004,6.1400000000001,0,False,True,19
484,5f6e71f3b273c13b726f3622,1232.94,1238.27,"You must be one of those people that just picks up languages like that, like just",-0.2300000000000182,5.329999999999927,0,False,True,16
485,5c4e58785994ca0001132982,1236.84,1241.57,"Kind of Yeah, because it's like I'm into puzzle, it's",-1.4300000000000637,4.730000000000018,0,False,True,13
486,5f6e71f3b273c13b726f3622,1241.54,1241.77,"Okay,",-0.029999999999972715,0.2300000000000182,0,False,True,1
487,5c4e58785994ca0001132982,1241.57,1250.15,sort of like a puzzle. Like I got my first Swedish book and I already knew some german and I just sat there and and puzzled out like from the context,-0.20000000000004547,8.580000000000155,0,False,True,31
488,5f6e71f3b273c13b726f3622,1250.04,1250.27,yeah,-0.11000000000012733,0.2300000000000182,0,False,True,1
489,5c4e58785994ca0001132982,1250.15,1251.08,like well,-0.11999999999989086,0.9299999999998363,0,False,True,2
490,5f6e71f3b273c13b726f3622,1250.74,1251.76,"Okay,",-0.33999999999991815,1.0199999999999818,0,False,True,1
491,5c4e58785994ca0001132982,1251.08,1258.55,"this word must mean this and there's a little bit of cognitive and you just read enough and sooner or later you figure out what he said, she said",-0.6800000000000637,7.470000000000027,0,False,True,30
492,5f6e71f3b273c13b726f3622,1257.79,1258.64,do,-0.7599999999999909,0.8500000000001364,0,False,True,1
493,5c4e58785994ca0001132982,1258.56,1259.37,like,-0.08000000000015461,0.8099999999999454,0,False,True,1
494,5f6e71f3b273c13b726f3622,1258.64,1259.67,"you see latin,",-0.7299999999997908,1.0299999999999727,0,False,True,3
495,5c4e58785994ca0001132982,1259.38,1261.05,it uh,-0.2899999999999636,1.6699999999998454,0,False,True,2
496,5f6e71f3b273c13b726f3622,1260.24,1263.54,do you speak latin? Like do you understand?,-0.8099999999999454,3.2999999999999545,2,True,True,8
497,5c4e58785994ca0001132982,1262.84,1263.7,"No,",-0.7000000000000455,0.8600000000001273,0,False,True,1
498,5f6e71f3b273c13b726f3622,1263.55,1264.17,Okay.,-0.15000000000009095,0.6200000000001182,0,False,True,1
499,5c4e58785994ca0001132982,1263.71,1265.67,"no,",-0.4600000000000364,1.9600000000000364,0,False,True,1
500,5f6e71f3b273c13b726f3622,1264.54,1265.92,"Yeah, wow,",-1.1300000000001091,1.3800000000001091,0,False,True,2
501,5c4e58785994ca0001132982,1265.68,1266.26,or,-0.2400000000000091,0.5799999999999272,0,False,True,1
502,5f6e71f3b273c13b726f3622,1265.92,1266.36,that's,-0.33999999999991815,0.4399999999998272,0,False,True,2
503,5c4e58785994ca0001132982,1266.26,1267.96,"as you would say in latin, no.",-0.09999999999990905,1.7000000000000455,0,False,True,7
504,5f6e71f3b273c13b726f3622,1268.14,1272.06,"yeah, that's so, I mean I did german and french in school",0.18000000000006366,3.9199999999998454,0,False,False,13
505,5c4e58785994ca0001132982,1271.94,1272.17,Yeah.,-0.11999999999989086,0.2300000000000182,0,False,True,1
506,5f6e71f3b273c13b726f3622,1272.74,1273.43,and spanish,0.5699999999999363,0.6900000000000546,0,False,False,2
507,5c4e58785994ca0001132982,1273.14,1273.46,Yeah.,-0.2899999999999636,0.31999999999993634,0,False,True,1
508,5f6e71f3b273c13b726f3622,1273.44,1287.55,"year but I struggle with languages but my the friend I traveled with, he's like you he just picks up languages like that and I'm so jealous because it's such a good skill like it, so I just always impressed with people that speak multiple languages.",-0.01999999999998181,14.1099999999999,0,False,True,49
509,5c4e58785994ca0001132982,1287.34,1289.11,Yeah.,-0.21000000000003638,1.7699999999999818,0,False,True,1
510,5f6e71f3b273c13b726f3622,1288.44,1289.36,"Yeah, that's",-0.6699999999998454,0.9199999999998454,0,False,True,3
511,5c4e58785994ca0001132982,1289.12,1291.46,"I think the trick is to, I",-0.2400000000000091,2.3400000000001455,0,False,True,7
512,5f6e71f3b273c13b726f3622,1291.34,1291.55,thanks,-0.12000000000011823,0.21000000000003638,0,False,True,1
513,5c4e58785994ca0001132982,1291.46,1292.06,mean some people,-0.08999999999991815,0.599999999999909,0,False,True,3
514,5f6e71f3b273c13b726f3622,1292.04,1292.28,yeah,-0.01999999999998181,0.2400000000000091,0,False,True,1
515,5c4e58785994ca0001132982,1292.06,1294.31,"just are, your mind is already shaped that",-0.22000000000002728,2.25,0,False,True,8
516,5f6e71f3b273c13b726f3622,1294.24,1294.45,mhm,-0.06999999999993634,0.21000000000003638,0,False,True,1
517,5c4e58785994ca0001132982,1294.31,1294.91,way because,-0.14000000000010004,0.6000000000001364,0,False,True,2
518,5f6e71f3b273c13b726f3622,1294.84,1296.06,mhm,-0.07000000000016371,1.2200000000000273,0,False,True,1
519,5c4e58785994ca0001132982,1294.91,1297.36,of like other things that you're interested in do.,-1.1499999999998636,2.449999999999818,0,False,True,10
520,5f6e71f3b273c13b726f3622,1297.24,1299.27,Yeah.,-0.11999999999989086,2.0299999999999727,0,False,True,1
521,5c4e58785994ca0001132982,1297.94,1300.19,But one of the main things learning,-1.3299999999999272,2.25,0,False,True,7
522,5f6e71f3b273c13b726f3622,1299.64,1300.06,Mhm,-0.5499999999999545,0.4199999999998454,0,False,True,1
523,5c4e58785994ca0001132982,1300.19,1301.36,how you learn,0.13000000000010914,1.1699999999998454,0,False,False,3
524,5f6e71f3b273c13b726f3622,1300.84,1302.06,"Right, that's",-0.5199999999999818,1.2200000000000273,0,False,True,3
525,5c4e58785994ca0001132982,1301.84,1302.79,"best, you know,",-0.22000000000002728,0.9500000000000455,0,False,True,3
526,5f6e71f3b273c13b726f3622,1302.74,1303.06,okay.,-0.049999999999954525,0.31999999999993634,0,False,True,1
527,5c4e58785994ca0001132982,1302.8,1305.59,"because different people, like some people can't",-0.2599999999999909,2.7899999999999636,0,False,True,8
528,5f6e71f3b273c13b726f3622,1305.24,1305.58,Yeah.,-0.34999999999990905,0.33999999999991815,0,False,True,1
529,5c4e58785994ca0001132982,1305.59,1308.18,handle like an instructional book,0.009999999999990905,2.5900000000001455,0,False,False,5
530,5f6e71f3b273c13b726f3622,1307.54,1308.46,Mhm.,-0.6400000000001,0.9200000000000728,0,False,True,1
531,5c4e58785994ca0001132982,1308.19,1310.16,like that is just going to put them to sleep,-0.2699999999999818,1.9700000000000273,0,False,True,10
532,5f6e71f3b273c13b726f3622,1310.54,1311.04,Yeah.,0.37999999999988177,0.5,0,False,False,1
533,5c4e58785994ca0001132982,1310.74,1311.5,and some,-0.2999999999999545,0.7599999999999909,0,False,True,2
534,5f6e71f3b273c13b726f3622,1311.44,1312.06,Mhm.,-0.05999999999994543,0.6199999999998909,0,False,True,1
535,5c4e58785994ca0001132982,1311.5,1312.49,"people learn best,",-0.5599999999999454,0.9900000000000091,0,False,True,3
536,5f6e71f3b273c13b726f3622,1312.44,1312.7,Okay.,-0.049999999999954525,0.2599999999999909,0,False,True,1
537,5c4e58785994ca0001132982,1312.49,1313.72,like audio,-0.21000000000003638,1.2300000000000182,0,False,True,2
538,5f6e71f3b273c13b726f3622,1313.64,1313.87,"Yeah,",-0.07999999999992724,0.22999999999979082,0,False,True,1
539,5c4e58785994ca0001132982,1313.73,1315.46,"with audio stuff, those listen",-0.13999999999987267,1.7300000000000182,0,False,True,5
540,5f6e71f3b273c13b726f3622,1315.23,1315.66,listen,-0.2300000000000182,0.43000000000006366,0,False,True,1
541,5c4e58785994ca0001132982,1315.46,1316.11,"and repeat,",-0.20000000000004547,0.6499999999998636,0,False,True,2
542,5f6e71f3b273c13b726f3622,1315.66,1315.85,to.,-0.4499999999998181,0.1899999999998272,0,False,True,1
543,5c4e58785994ca0001132982,1316.24,1316.5,kind,0.39000000000010004,0.2599999999999909,0,False,False,1
544,5f6e71f3b273c13b726f3622,1316.34,1316.96,Mhm,-0.16000000000008185,0.6200000000001182,0,False,True,1
545,5c4e58785994ca0001132982,1316.5,1321.63,"of audio programs. I love those, they don't get you very far",-0.4600000000000364,5.130000000000109,0,False,True,13
546,5f6e71f3b273c13b726f3622,1321.64,1321.85,Right.,0.009999999999990905,0.209999999999809,0,False,False,1
547,5c4e58785994ca0001132982,1321.64,1327.01,"very fast, but they do lock down the basics really well for me anyway.",-0.209999999999809,5.369999999999891,0,False,True,14
548,5f6e71f3b273c13b726f3622,1327.24,1336.85,"I need to get back. I used to do um one of them on my phone for spanish because I'm trying to learn spanish. I'm just, I'm just not good at languages. It's not my,",0.2300000000000182,9.6099999999999,0,False,False,39
549,5c4e58785994ca0001132982,1336.44,1336.86,"Mhm,",-0.4099999999998545,0.4199999999998454,0,False,True,1
550,5f6e71f3b273c13b726f3622,1337.24,1346.46,"but I would, I would love to be able to speak spanish, I should be able to speak spanish. I was gonna make, so my friend have him speak to me, you know once a week in spanish and it just,",0.38000000000010914,9.220000000000027,0,False,False,42
551,5c4e58785994ca0001132982,1346.14,1346.67,Mhm.,-0.31999999999993634,0.5299999999999727,0,False,True,1
552,5f6e71f3b273c13b726f3622,1346.46,1354.06,"he tries and I get fed up because I just can't, I find spanish so fast to that. I'm like I have no idea what you're saying.",-0.21000000000003638,7.599999999999909,0,False,True,30
553,5c4e58785994ca0001132982,1354.14,1354.26,Yeah.,0.08000000000015461,0.11999999999989086,0,False,False,1
554,5f6e71f3b273c13b726f3622,1354.64,1354.85,And I,0.38000000000010914,0.209999999999809,0,False,False,2
555,5c4e58785994ca0001132982,1354.84,1355.22,Oh,-0.009999999999990905,0.38000000000010914,0,False,True,1
556,5f6e71f3b273c13b726f3622,1354.85,1355.51,called my,-0.37000000000011823,0.6600000000000819,0,False,True,2
557,5c4e58785994ca0001132982,1355.22,1355.46,yeah.,-0.2899999999999636,0.2400000000000091,0,False,True,1
558,5f6e71f3b273c13b726f3622,1355.51,1357.36,"ours, I cannot do the,",0.049999999999954525,1.849999999999909,0,False,False,6
559,5c4e58785994ca0001132982,1357.64,1358.66,"Oh, funny.",0.2800000000002001,1.0199999999999818,0,False,False,2
560,5f6e71f3b273c13b726f3622,1358.64,1360.36,"that are, you know where they roll",-0.01999999999998181,1.7199999999998,0,False,True,7
561,5c4e58785994ca0001132982,1360.34,1360.84,Yeah.,-0.01999999999998181,0.5,0,False,True,1
562,5f6e71f3b273c13b726f3622,1360.36,1361.96,the r cannot do that.,-0.4800000000000182,1.6000000000001364,0,False,True,6
563,5c4e58785994ca0001132982,1361.54,1361.77,Mhm.,-0.42000000000007276,0.2300000000000182,0,False,True,1
564,5f6e71f3b273c13b726f3622,1362.34,1362.85,So,0.5699999999999363,0.5099999999999909,0,False,False,1
565,5c4e58785994ca0001132982,1362.74,1363.27,Yeah.,-0.10999999999989996,0.5299999999999727,0,False,True,1
566,5f6e71f3b273c13b726f3622,1363.74,1364.06,that,0.4700000000000273,0.31999999999993634,0,False,False,1
567,5c4e58785994ca0001132982,1363.84,1368.26,"Yeah, and people would still understand you despite that I've seen of",-0.22000000000002728,4.420000000000073,0,False,True,13
568,5f6e71f3b273c13b726f3622,1368.24,1368.44,"yeah,",-0.01999999999998181,0.20000000000004547,0,False,True,1
569,5c4e58785994ca0001132982,1369.34,1371.2,english speakers who,0.8999999999998636,1.8600000000001273,0,False,False,3
570,5f6e71f3b273c13b726f3622,1370.74,1371.61,"you know,",-0.4600000000000364,0.8699999999998909,0,False,True,2
571,5c4e58785994ca0001132982,1371.21,1374.47,"are in that same position speaking, they're totally",-0.3999999999998636,3.259999999999991,0,False,True,9
572,5f6e71f3b273c13b726f3622,1374.24,1374.45,mm,-0.2300000000000182,0.21000000000003638,0,False,True,1
573,5c4e58785994ca0001132982,1374.48,1375.06,unrolled,0.029999999999972715,0.5799999999999272,0,False,False,1
574,5f6e71f3b273c13b726f3622,1374.84,1375.85,"Yeah,",-0.22000000000002728,1.009999999999991,0,False,True,1
575,5c4e58785994ca0001132982,1375.06,1376.91,are spanish with,-0.7899999999999636,1.8500000000001364,0,False,True,3
576,5f6e71f3b273c13b726f3622,1376.34,1376.67,sure.,-0.5700000000001637,0.3300000000001546,0,False,True,1
577,5c4e58785994ca0001132982,1376.92,1379.43,"like, you know, very little",0.25,2.509999999999991,0,False,False,5
578,5f6e71f3b273c13b726f3622,1379.34,1379.55,Mm.,-0.09000000000014552,0.21000000000003638,0,False,True,1
579,5c4e58785994ca0001132982,1379.43,1380.06,of the actual,-0.11999999999989086,0.6299999999998818,0,False,True,3
580,5f6e71f3b273c13b726f3622,1380.04,1380.27,Yes.,-0.01999999999998181,0.2300000000000182,0,False,True,1
581,5c4e58785994ca0001132982,1380.07,1380.91,"accent, but",-0.20000000000004547,0.8400000000001455,0,False,True,2
582,5f6e71f3b273c13b726f3622,1380.74,1380.95,Yes.,-0.17000000000007276,0.21000000000003638,0,False,True,1
583,5c4e58785994ca0001132982,1380.92,1382.45,just saying the words,-0.029999999999972715,1.5299999999999727,0,False,True,4
584,5f6e71f3b273c13b726f3622,1381.74,1382.06,"Right,",-0.7100000000000364,0.31999999999993634,0,False,True,1
585,5c4e58785994ca0001132982,1382.46,1383.33,and people still,0.40000000000009095,0.8699999999998909,0,False,False,3
586,5f6e71f3b273c13b726f3622,1383.24,1383.56,wow.,-0.08999999999991815,0.31999999999993634,0,False,True,1
587,5c4e58785994ca0001132982,1383.33,1386.35,"understand them. They may be kind of laugh a little, but",-0.2300000000000182,3.019999999999982,0,False,True,11
588,5f6e71f3b273c13b726f3622,1385.94,1391.25,"Don't, some of the words, if you say it can kind of sound like different words. I know I've been",-0.4099999999998545,5.309999999999945,0,False,True,22
589,5c4e58785994ca0001132982,1391.24,1391.56,Mhm,-0.009999999999990905,0.31999999999993634,0,False,True,1
590,5f6e71f3b273c13b726f3622,1391.25,1397.17,"told, I think it's dog like just to be careful if you don't roll yours because it can mean something else.",-0.30999999999994543,5.920000000000073,0,False,True,23
591,5c4e58785994ca0001132982,1397.34,1398.86,"Oh yes, Mhm,",0.16999999999984539,1.5199999999999818,0,False,False,3
592,5f6e71f3b273c13b726f3622,1398.84,1408.18,"Yeah. And so I work at a courthouse and this is funny. We had a, we have a translator, she's from CUba and uh, one of the",-0.01999999999998181,9.340000000000146,0,False,True,28
593,5c4e58785994ca0001132982,1408.04,1408.46,"Mhm,",-0.14000000000010004,0.42000000000007276,0,False,True,1
594,5f6e71f3b273c13b726f3622,1408.18,1421.46,"judges, I guess the tracks like the translator hadn't arrived yet and it was so hot in the courthouse like in the courtroom the judge went and said was trying to say, oh yes",-0.2799999999999727,13.279999999999973,0,False,True,35
595,5c4e58785994ca0001132982,1421.34,1421.55,Mhm,-0.12000000000011823,0.21000000000003638,0,False,True,1
596,5f6e71f3b273c13b726f3622,1421.46,1422.56,it's very hot.,-0.08999999999991815,1.099999999999909,0,False,True,4
597,5c4e58785994ca0001132982,1422.64,1424.16,Yeah.,0.08000000000015461,1.5199999999999818,0,False,False,1
598,5f6e71f3b273c13b726f3622,1423.44,1426.89,"But I guess she, she said what",-0.7200000000000273,3.4500000000000455,0,False,True,7
599,5c4e58785994ca0001132982,1426.34,1426.76,"Mhm,",-0.5500000000001819,0.42000000000007276,0,False,True,1
600,5f6e71f3b273c13b726f3622,1426.89,1427.87,it translated,0.13000000000010914,0.9799999999997908,0,False,False,2
601,5c4e58785994ca0001132982,1427.54,1427.77,Mhm.,-0.32999999999992724,0.2300000000000182,0,False,True,1
602,5f6e71f3b273c13b726f3622,1427.87,1429.23,as was,0.09999999999990905,1.3600000000001273,0,False,False,2
603,5c4e58785994ca0001132982,1428.94,1429.77,Yeah.,-0.2899999999999636,0.8299999999999272,0,False,True,1
604,5f6e71f3b273c13b726f3622,1429.24,1430.3,"something you just, it's",-0.5299999999999727,1.0599999999999454,0,False,True,5
605,5c4e58785994ca0001132982,1430.24,1430.56,"Mhm,",-0.05999999999994543,0.31999999999993634,0,False,True,1
606,5f6e71f3b273c13b726f3622,1430.3,1431.4,not appropriate to say,-0.2599999999999909,1.1000000000001364,0,False,True,4
607,5c4e58785994ca0001132982,1431.24,1431.45,mm.,-0.16000000000008185,0.21000000000003638,0,False,True,1
608,5f6e71f3b273c13b726f3622,1431.4,1433.36,in front of the whole courtroom. And,-0.049999999999954525,1.959999999999809,0,False,True,7
609,5c4e58785994ca0001132982,1432.84,1433.45,Uh,-0.5199999999999818,0.6100000000001273,0,False,True,1
610,5f6e71f3b273c13b726f3622,1433.36,1433.63,so,-0.09000000000014552,0.2700000000002092,0,False,True,1
611,5c4e58785994ca0001132982,1433.45,1433.76,huh.,-0.18000000000006366,0.30999999999994543,0,False,True,1
612,5f6e71f3b273c13b726f3622,1433.63,1439.66,"she said it like it's very, she said it's very hot I think is a literal translation",-0.12999999999988177,6.029999999999973,0,False,True,19
613,5c4e58785994ca0001132982,1438.74,1438.94,"Yeah,",-0.9200000000000728,0.20000000000004547,0,False,True,1
614,5f6e71f3b273c13b726f3622,1440.44,1440.85,and,1.5,0.4099999999998545,0,False,False,1
615,5c4e58785994ca0001132982,1440.58,1441.65,Yeah.,-0.2699999999999818,1.0700000000001637,0,False,True,1
616,5f6e71f3b273c13b726f3622,1440.86,1453.46,"a lot of people started laughing and she was like what's going on? So she told the translator what she said, the translators like never say that again, don't do that because literally she told her what she told the whole room and the",-0.790000000000191,12.600000000000136,1,False,True,46
617,5c4e58785994ca0001132982,1452.94,1453.36,Mhm.,-0.5199999999999818,0.4199999999998454,0,False,True,1
618,5f6e71f3b273c13b726f3622,1453.47,1455.16,judge was like mortified. She's,0.11000000000012733,1.6900000000000546,0,False,False,6
619,5c4e58785994ca0001132982,1455.04,1455.55,Mhm.,-0.12000000000011823,0.5099999999999909,0,False,True,1
620,5f6e71f3b273c13b726f3622,1455.16,1456.36,like oh my God I can't believe,-0.38999999999987267,1.199999999999818,0,False,True,8
621,5c4e58785994ca0001132982,1456.24,1464.11,So,-0.11999999999989086,7.869999999999891,0,False,True,1
622,5f6e71f3b273c13b726f3622,1456.36,1464.33,I said that. But so I've heard you have to be careful with some translations that you get the right context. Yeah.,-7.75,7.970000000000027,0,False,True,23
623,5c4e58785994ca0001132982,1464.11,1471.55,"true. I mean, for me that's the biggest part of the biggest component of any hesitation that I have, because I do a lot of",-0.22000000000002728,7.440000000000055,0,False,True,26
624,5f6e71f3b273c13b726f3622,1471.24,1471.56,Mhm,-0.30999999999994543,0.31999999999993634,0,False,True,1
625,5c4e58785994ca0001132982,1471.56,1473.45,"I do a lot of reading, I don't do a lot",0.0,1.8900000000001,0,False,False,12
626,5f6e71f3b273c13b726f3622,1473.34,1473.97,Uh,-0.11000000000012733,0.6300000000001091,0,False,True,1
627,5c4e58785994ca0001132982,1473.45,1474.04,of speaking,-0.5199999999999818,0.5899999999999181,0,False,True,2
628,5f6e71f3b273c13b726f3622,1473.97,1475.16,huh,-0.06999999999993634,1.1900000000000546,0,False,True,1
629,5c4e58785994ca0001132982,1474.04,1476.36,"with people, so I'm very hesitant",-1.1200000000001182,2.3199999999999363,0,False,True,7
630,5f6e71f3b273c13b726f3622,1476.14,1476.46,uh huh,-0.2199999999997999,0.31999999999993634,0,False,True,2
631,5c4e58785994ca0001132982,1476.54,1482.86,in anything except like basic spanish when I'm actually talking to people.,0.07999999999992724,6.319999999999936,0,False,False,13
632,5f6e71f3b273c13b726f3622,1483.05,1484.06,I couldn't,0.19000000000005457,1.009999999999991,0,False,False,3
633,5c4e58785994ca0001132982,1483.34,1485.55,So they translate apparently documents I don't,-0.7200000000000273,2.2100000000000364,0,False,True,8
634,5f6e71f3b273c13b726f3622,1485.44,1485.8,true.,-0.10999999999989996,0.35999999999989996,0,False,True,1
635,5c4e58785994ca0001132982,1485.55,1486.76,translate. Uh huh.,-0.25,1.2100000000000364,0,False,True,3
636,5f6e71f3b273c13b726f3622,1486.94,1491.46,Okay. Is it like court like court documents or fly?,0.18000000000006366,4.519999999999982,1,True,False,10
637,5c4e58785994ca0001132982,1491.14,1493.39,"Uh Oh, it's it's all",-0.31999999999993634,2.25,0,False,True,7
638,5f6e71f3b273c13b726f3622,1492.84,1496.95,Oh,-0.5500000000001819,4.110000000000127,0,False,True,1
639,5c4e58785994ca0001132982,1493.39,1499.49,"over the mouth. It's like customer service, email, animals and focus group responses and internal",-3.5599999999999454,6.099999999999909,0,False,True,16
640,5f6e71f3b273c13b726f3622,1499.34,1499.6,trying,-0.15000000000009095,0.2599999999999909,0,False,True,1
641,5c4e58785994ca0001132982,1499.49,1499.93,corporate,-0.10999999999989996,0.44000000000005457,0,False,True,1
642,5f6e71f3b273c13b726f3622,1499.6,1499.72,to,-0.3300000000001546,0.12000000000011823,0,False,True,1
643,5c4e58785994ca0001132982,1499.93,1503.19,"documents, like accounting",0.21000000000003638,3.259999999999991,0,False,False,3
644,5f6e71f3b273c13b726f3622,1502.64,1502.84,yeah,-0.5499999999999545,0.1999999999998181,0,False,True,1
645,5c4e58785994ca0001132982,1503.19,1504.43,"manuals,",0.3500000000001364,1.240000000000009,0,False,False,1
646,5f6e71f3b273c13b726f3622,1504.04,1505.66,okay,-0.39000000000010004,1.6200000000001182,0,False,True,1
647,5c4e58785994ca0001132982,1505.04,1507.41,"whatever they whatever, whatever they want to have",-0.6200000000001182,2.3700000000001182,0,False,True,8
648,5f6e71f3b273c13b726f3622,1507.24,1507.45,mm,-0.17000000000007276,0.21000000000003638,0,False,True,1
649,5c4e58785994ca0001132982,1507.41,1507.96,"in english,",-0.03999999999996362,0.5499999999999545,0,False,True,2
650,5f6e71f3b273c13b726f3622,1507.84,1508.02,for,-0.12000000000011823,0.18000000000006366,0,False,True,1
651,5c4e58785994ca0001132982,1507.96,1508.3,whatever,-0.05999999999994543,0.33999999999991815,0,False,True,1
652,5f6e71f3b273c13b726f3622,1508.02,1508.46,this.,-0.2799999999999727,0.44000000000005457,0,False,True,1
653,5c4e58785994ca0001132982,1508.3,1509.18,any of the clients want,-0.16000000000008185,0.8800000000001091,0,False,True,5
654,5f6e71f3b273c13b726f3622,1509.14,1509.46,Right.,-0.03999999999996362,0.31999999999993634,0,False,True,1
655,5c4e58785994ca0001132982,1509.18,1509.9,to have an implicit,-0.2799999999999727,0.7200000000000273,0,False,True,4
656,5f6e71f3b273c13b726f3622,1510.64,1510.8,Do,0.7400000000000091,0.15999999999985448,0,False,False,1
657,5c4e58785994ca0001132982,1510.74,1511.23,can,-0.05999999999994543,0.4900000000000091,0,False,True,1
658,5f6e71f3b273c13b726f3622,1510.8,1511.81,you have to like,-0.43000000000006366,1.009999999999991,0,False,True,4
659,5c4e58785994ca0001132982,1511.23,1511.71,come,-0.5799999999999272,0.4800000000000182,0,False,True,1
660,5f6e71f3b273c13b726f3622,1511.82,1512.74,do,0.10999999999989996,0.9200000000000728,0,False,False,1
661,5c4e58785994ca0001132982,1511.84,1512.56,from anywhere.,-0.900000000000091,0.7200000000000273,0,False,True,2
662,5f6e71f3b273c13b726f3622,1512.74,1513.64,"you have like a,",0.18000000000006366,0.900000000000091,0,False,False,4
663,5c4e58785994ca0001132982,1513.34,1513.67,Mhm.,-0.3000000000001819,0.3300000000001546,0,False,True,1
664,5f6e71f3b273c13b726f3622,1513.65,1518.95,do you have to have something showing you can do that? Like how do you do you have to have like a certification?,-0.01999999999998181,5.2999999999999545,2,True,True,23
665,5c4e58785994ca0001132982,1518.14,1529.48,"Mhm. For it helps to get some some jobs, but I started out on a platform that doesn't require it. And so I built uh kind of a",-0.8099999999999454,11.339999999999918,0,False,True,29
666,5f6e71f3b273c13b726f3622,1529.04,1529.66,Yeah.,-0.44000000000005457,0.6200000000001182,0,False,True,1
667,5c4e58785994ca0001132982,1529.49,1530.77,profile that way.,-0.17000000000007276,1.2799999999999727,0,False,True,3
668,5f6e71f3b273c13b726f3622,1530.34,1532.05,Okay.,-0.43000000000006366,1.7100000000000364,0,False,True,1
669,5c4e58785994ca0001132982,1531.34,1533.57,And so and they have a public facing profile,-0.7100000000000364,2.230000000000018,0,False,True,9
670,5f6e71f3b273c13b726f3622,1533.24,1533.44,Yeah,-0.32999999999992724,0.20000000000004547,0,False,True,1
671,5c4e58785994ca0001132982,1533.57,1536.74,"and I can just spend a link and people can see okay,",0.12999999999988177,3.1700000000000728,0,False,False,12
672,5f6e71f3b273c13b726f3622,1536.24,1536.44,yeah.,-0.5,0.20000000000004547,0,False,True,1
673,5c4e58785994ca0001132982,1536.75,1537.41,translated,0.30999999999994543,0.6600000000000819,0,False,False,1
674,5f6e71f3b273c13b726f3622,1536.94,1537.17,Yes.,-0.4700000000000273,0.2300000000000182,0,False,True,1
675,5c4e58785994ca0001132982,1537.41,1542.36,for X. Number of years with X. Thousands of words that measures all,0.2400000000000091,4.949999999999818,0,False,False,13
676,5f6e71f3b273c13b726f3622,1542.34,1542.55,No,-0.01999999999998181,0.21000000000003638,0,False,True,1
677,5c4e58785994ca0001132982,1542.36,1545.36,that stuff and keeps it up to date. So,-0.19000000000005457,3.0,0,False,True,9
678,5f6e71f3b273c13b726f3622,1544.74,1546.5,okay I'm just trying,-0.6199999999998909,1.759999999999991,0,False,True,5
679,5c4e58785994ca0001132982,1546.34,1546.56,so,-0.16000000000008185,0.22000000000002728,0,False,True,1
680,5f6e71f3b273c13b726f3622,1546.5,1547.06,to,-0.05999999999994543,0.5599999999999454,0,False,True,1
681,5c4e58785994ca0001132982,1546.56,1548.67,"yeah, you don't need it, but it's it's helpful.",-0.5,2.1100000000001273,0,False,True,12
682,5f6e71f3b273c13b726f3622,1548.44,1549.88,it's okay because I was trying,-0.2300000000000182,1.4400000000000546,0,False,True,7
683,5c4e58785994ca0001132982,1549.74,1549.95,Mm.,-0.14000000000010004,0.21000000000003638,0,False,True,1
684,5f6e71f3b273c13b726f3622,1549.88,1555.76,"to take my friend, I think he would do good at translation. He's always looking for online stuff, so,",-0.06999999999993634,5.879999999999882,0,False,True,20
685,5c4e58785994ca0001132982,1555.14,1555.67,Mhm.,-0.6199999999998909,0.5299999999999727,0,False,True,1
686,5f6e71f3b273c13b726f3622,1556.14,1556.56,but,0.4700000000000273,0.4199999999998454,0,False,False,1
687,5c4e58785994ca0001132982,1556.54,1561.3,Yeah. Right now I don't know if it would be a good time to look because so many people,-0.01999999999998181,4.759999999999991,0,False,True,20
688,5f6e71f3b273c13b726f3622,1561.24,1561.45,"Right,",-0.05999999999994543,0.21000000000003638,0,False,True,1
689,5c4e58785994ca0001132982,1561.3,1561.55,have,-0.15000000000009095,0.25,0,False,True,1
690,5f6e71f3b273c13b726f3622,1561.94,1562.4,okay.,0.39000000000010004,0.4600000000000364,0,False,False,1
691,5c4e58785994ca0001132982,1561.94,1568.06,like that's the they happened to hire new translators in my language bearer,-0.4600000000000364,6.119999999999891,0,False,True,14
692,5f6e71f3b273c13b726f3622,1568.14,1568.34,Yeah.,0.08000000000015461,0.1999999999998181,0,False,False,1
693,5c4e58785994ca0001132982,1568.64,1573.56,just before all this. So that was part of the drop in income to.,0.3000000000001819,4.919999999999845,0,False,False,14
694,5f6e71f3b273c13b726f3622,1573.94,1574.56,Yes.,0.38000000000010914,0.6199999999998909,0,False,False,1
695,5c4e58785994ca0001132982,1574.14,1577.66,"Um But and then suddenly, you know",-0.4199999999998454,3.519999999999982,0,False,True,7
696,5f6e71f3b273c13b726f3622,1577.54,1578.38,"Oh,",-0.12000000000011823,0.8400000000001455,0,False,True,1
697,5c4e58785994ca0001132982,1578.14,1579.01,The jobs that,-0.2400000000000091,0.8699999999998909,0,False,True,3
698,5f6e71f3b273c13b726f3622,1578.94,1579.03,all,-0.06999999999993634,0.08999999999991815,0,False,True,1
699,5c4e58785994ca0001132982,1579.01,1579.07,I,-0.01999999999998181,0.05999999999994543,0,False,True,1
700,5f6e71f3b273c13b726f3622,1579.03,1579.17,right.,-0.03999999999996362,0.14000000000010004,0,False,True,1
701,5c4e58785994ca0001132982,1579.07,1581.56,was competing with three or 4 people,-0.10000000000013642,2.490000000000009,0,False,True,7
702,5f6e71f3b273c13b726f3622,1582.24,1582.38,It,0.6800000000000637,0.14000000000010004,0,False,False,1
703,5c4e58785994ca0001132982,1582.34,1582.53,To,-0.040000000000190994,0.19000000000005457,0,False,True,1
704,5f6e71f3b273c13b726f3622,1582.38,1582.77,was,-0.14999999999986358,0.38999999999987267,0,False,True,1
705,5c4e58785994ca0001132982,1582.53,1586.47,"get, now I'm competing with tens or maybe 100, I",-0.2400000000000091,3.9400000000000546,0,False,True,11
706,5f6e71f3b273c13b726f3622,1586.44,1587.05,okay.,-0.029999999999972715,0.6099999999999,0,False,True,1
707,5c4e58785994ca0001132982,1586.47,1589.77,"don't know. But it used to be that if I checked,",-0.5799999999999272,3.2999999999999545,0,False,True,12
708,5f6e71f3b273c13b726f3622,1589.84,1590.17,Are you?,0.06999999999993634,0.3300000000001546,1,True,False,2
709,5c4e58785994ca0001132982,1590.14,1592.45,"If I checked every 23 seconds, if",-0.029999999999972715,2.3099999999999454,0,False,True,7
710,5f6e71f3b273c13b726f3622,1592.44,1592.9,Uh,-0.009999999999990905,0.4600000000000364,0,False,True,1
711,5c4e58785994ca0001132982,1592.45,1592.99,"I checked,",-0.4500000000000455,0.5399999999999636,0,False,True,2
712,5f6e71f3b273c13b726f3622,1592.9,1595.16,huh.,-0.08999999999991815,2.259999999999991,0,False,True,1
713,5c4e58785994ca0001132982,1593.0,1599.66,I had set up my monitor to check every 23 seconds I'd be likely to get a job and now I have every 17 seconds just,-2.160000000000082,6.660000000000082,0,False,True,27
714,5f6e71f3b273c13b726f3622,1599.44,1599.67,Yeah.,-0.22000000000002728,0.2300000000000182,0,False,True,1
715,5c4e58785994ca0001132982,1599.66,1601.05,keep like sliding it until I'm,-0.009999999999990905,1.3899999999998727,0,False,True,7
716,5f6e71f3b273c13b726f3622,1600.94,1601.19,Okay.,-0.10999999999989996,0.25,0,False,True,1
717,5c4e58785994ca0001132982,1601.05,1601.96,like getting,-0.14000000000010004,0.9100000000000819,0,False,True,2
718,5f6e71f3b273c13b726f3622,1601.64,1601.96,And,-0.31999999999993634,0.31999999999993634,0,False,True,1
719,5c4e58785994ca0001132982,1602.34,1603.27,the alerts and,0.37999999999988177,0.9300000000000637,0,False,False,3
720,5f6e71f3b273c13b726f3622,1603.34,1607.26,"yeah,",0.06999999999993634,3.9200000000000728,0,False,False,1
721,5c4e58785994ca0001132982,1603.94,1613.45,"almost like most of the time now, somebody has gotten there before me and I can see the job and try to get it, but it's gone before I can even click the button,",-3.3199999999999363,9.509999999999991,0,False,True,35
722,5f6e71f3b273c13b726f3622,1613.74,1614.16,"no,",0.2899999999999636,0.42000000000007276,0,False,False,1
723,5c4e58785994ca0001132982,1613.94,1614.71,but then I still,-0.22000000000002728,0.7699999999999818,0,False,True,4
724,5f6e71f3b273c13b726f3622,1614.54,1616.44,I,-0.17000000000007276,1.900000000000091,0,False,True,1
725,5c4e58785994ca0001132982,1614.71,1615.67,am getting stuff so,-1.7300000000000182,0.9600000000000364,0,False,True,4
726,5f6e71f3b273c13b726f3622,1616.45,1617.1,feel like a lot,0.7799999999999727,0.6499999999998636,0,False,False,4
727,5c4e58785994ca0001132982,1617.04,1617.46,mhm.,-0.05999999999994543,0.42000000000007276,0,False,True,1
728,5f6e71f3b273c13b726f3622,1617.1,1621.01,of it online because I started doing online teaching before,-0.36000000000012733,3.910000000000082,0,False,True,10
729,5c4e58785994ca0001132982,1620.94,1621.27,Mhm.,-0.06999999999993634,0.32999999999992724,0,False,True,1
730,5f6e71f3b273c13b726f3622,1621.01,1624.52,like right before Covid. So back in like february just,-0.2599999999999909,3.509999999999991,0,False,True,10
731,5c4e58785994ca0001132982,1624.24,1624.77,"Okay,",-0.2799999999999727,0.5299999999999727,0,False,True,1
732,5f6e71f3b273c13b726f3622,1624.53,1637.35,"because I wanted extra money for traveling and it's like they had a huge influx I think, right, as Covid hit because a lot of people couldn't, you know, do brick and mortar. So they were teaching online and",-0.2400000000000091,12.819999999999936,0,False,True,41
733,5c4e58785994ca0001132982,1637.14,1637.35,"mm,",-0.209999999999809,0.209999999999809,0,False,True,1
734,5f6e71f3b273c13b726f3622,1637.35,1642.73,"it's like people were saying, you know, they weren't getting as many bookings and I think a lot of people have turned",0.0,5.380000000000109,0,False,False,24
735,5c4e58785994ca0001132982,1642.64,1642.85,mm.,-0.08999999999991815,0.209999999999809,0,False,True,1
736,5f6e71f3b273c13b726f3622,1642.73,1644.55,online stuff with.,-0.11999999999989086,1.8199999999999363,0,False,True,3
737,5c4e58785994ca0001132982,1644.74,1645.82,Excuse me a second. You,0.19000000000005457,1.0799999999999272,0,False,False,5
738,5f6e71f3b273c13b726f3622,1645.74,1645.94,"Yeah,",-0.07999999999992724,0.20000000000004547,0,False,True,1
739,5c4e58785994ca0001132982,1645.82,1646.65,"know, you can just walk",-0.12000000000011823,0.8300000000001546,0,False,True,5
740,5f6e71f3b273c13b726f3622,1646.44,1646.86,wow.,-0.21000000000003638,0.4199999999998454,0,False,True,1
741,5c4e58785994ca0001132982,1646.66,1651.95,"through the door, like this door from the inside, you can just walk through it, not from the outside.",-0.1999999999998181,5.289999999999964,0,False,True,19
742,5f6e71f3b273c13b726f3622,1651.85,1652.93,Yeah.,-0.10000000000013642,1.0800000000001546,0,False,True,1
743,5c4e58785994ca0001132982,1654.04,1656.96,"Say if you if you get locked in,",1.1099999999999,2.9200000000000728,0,False,False,8
744,5f6e71f3b273c13b726f3622,1656.94,1657.17,Right.,-0.01999999999998181,0.2300000000000182,0,False,True,1
745,5c4e58785994ca0001132982,1658.04,1659.11,but as far,0.8699999999998909,1.0699999999999363,0,False,False,3
746,5f6e71f3b273c13b726f3622,1659.04,1659.27,Mhm.,-0.06999999999993634,0.2300000000000182,0,False,True,1
747,5c4e58785994ca0001132982,1659.11,1670.34,"as like if you're not in a car, that door that door just opens from the inside. Well, all I know you whoever inside I'm outside, so whoever's inside to",-0.16000000000008185,11.230000000000018,0,False,True,33
748,5f6e71f3b273c13b726f3622,1670.34,1670.55,And,0.0,0.21000000000003638,0,False,False,1
749,5c4e58785994ca0001132982,1670.34,1671.17,let somebody inside.,-0.21000000000003638,0.8300000000001546,0,False,True,3
750,5f6e71f3b273c13b726f3622,1670.94,1671.17,okay.,-0.2300000000000182,0.2300000000000182,0,False,True,1
751,5c4e58785994ca0001132982,1672.04,1672.38,"Oh, that's",0.8699999999998909,0.3400000000001455,0,False,False,3
752,5f6e71f3b273c13b726f3622,1672.24,1672.44,Yeah.,-0.14000000000010004,0.20000000000004547,0,False,True,1
753,5c4e58785994ca0001132982,1672.38,1674.85,true. Oh,-0.05999999999994543,2.4699999999998,0,False,True,2
754,5f6e71f3b273c13b726f3622,1673.94,1674.17,Mhm.,-0.9099999999998545,0.2300000000000182,0,False,True,1
755,5c4e58785994ca0001132982,1674.86,1675.63,"yeah,",0.6899999999998272,0.7700000000002092,0,False,False,1
756,5f6e71f3b273c13b726f3622,1675.94,1676.17,Yeah.,0.30999999999994543,0.2300000000000182,0,False,False,1
757,5c4e58785994ca0001132982,1676.64,1678.63,"stealing shit. Right, There's a fucking",0.4700000000000273,1.990000000000009,0,False,False,7
758,5f6e71f3b273c13b726f3622,1678.34,1678.54,Yeah.,-0.290000000000191,0.20000000000004547,0,False,True,1
759,5c4e58785994ca0001132982,1678.63,1681.77,"cop, right? Thank you for sure. Yeah.",0.09000000000014552,3.1399999999998727,1,False,False,7
760,5f6e71f3b273c13b726f3622,1683.14,1683.76,Uh huh,1.3700000000001182,0.6199999999998909,0,False,False,2
761,5c4e58785994ca0001132982,1684.74,1685.85,"One flat, Right?",0.9800000000000182,1.1099999999999,1,True,False,3
762,5f6e71f3b273c13b726f3622,1686.44,1687.62,topped,0.5900000000001455,1.1799999999998363,0,False,False,1
763,5c4e58785994ca0001132982,1688.04,1688.67,Yeah.,0.42000000000007276,0.6300000000001091,0,False,False,1
764,5f6e71f3b273c13b726f3622,1688.44,1688.76,uh huh.,-0.2300000000000182,0.31999999999993634,0,False,True,2
765,5c4e58785994ca0001132982,1688.68,1697.8,"So the one thing that I've learned a lot about you solid uh when we first got here and we have split up because we that house didn't work, the next house",-0.07999999999992724,9.11999999999989,0,False,True,34
766,5f6e71f3b273c13b726f3622,1697.74,1697.95,Mhm.,-0.05999999999994543,0.21000000000003638,0,False,True,1
767,5c4e58785994ca0001132982,1697.8,1699.6,didn't work and they sold,-0.15000000000009095,1.7999999999999545,0,False,True,6
768,5f6e71f3b273c13b726f3622,1699.44,1699.75,Yeah.,-0.15999999999985448,0.30999999999994543,0,False,True,1
769,5c4e58785994ca0001132982,1699.6,1701.42,it out from under us to a new landlord,-0.15000000000009095,1.8200000000001637,0,False,True,9
770,5f6e71f3b273c13b726f3622,1701.24,1702.37,Oh,-0.18000000000006366,1.1299999999998818,0,False,True,1
771,5c4e58785994ca0001132982,1701.42,1702.4,who also,-0.9499999999998181,0.9800000000000182,0,False,True,2
772,5f6e71f3b273c13b726f3622,1702.38,1702.64,my,-0.01999999999998181,0.2599999999999909,0,False,True,1
773,5c4e58785994ca0001132982,1702.41,1703.0,"showed,",-0.2300000000000182,0.5899999999999181,0,False,True,1
774,5f6e71f3b273c13b726f3622,1702.64,1703.06,girl.,-0.35999999999989996,0.4199999999998454,0,False,True,1
775,5c4e58785994ca0001132982,1703.01,1706.96,turned out to be kind of a bad person in terms of his relationship with us,-0.049999999999954525,3.9500000000000455,0,False,True,16
776,5f6e71f3b273c13b726f3622,1706.74,1707.75,Oh my gosh.,-0.22000000000002728,1.009999999999991,0,False,True,3
777,5c4e58785994ca0001132982,1707.54,1709.77,lied and uh,-0.21000000000003638,2.230000000000018,0,False,True,3
778,5f6e71f3b273c13b726f3622,1709.34,1709.67,Mhm.,-0.43000000000006366,0.3300000000001546,0,False,True,1
779,5c4e58785994ca0001132982,1709.78,1711.66,made some choices that impacted our health,0.10999999999989996,1.8800000000001091,0,False,False,7
780,5f6e71f3b273c13b726f3622,1711.64,1712.06,Oh.,-0.01999999999998181,0.4199999999998454,0,False,True,1
781,5c4e58785994ca0001132982,1712.04,1713.06,in the house,-0.01999999999998181,1.0199999999999818,0,False,True,3
782,5f6e71f3b273c13b726f3622,1712.74,1712.95,Mhm.,-0.31999999999993634,0.21000000000003638,0,False,True,1
783,5c4e58785994ca0001132982,1713.13,1716.97,"and totally was like, not, Yeah,",0.18000000000006366,3.839999999999918,0,False,False,6
784,5f6e71f3b273c13b726f3622,1716.74,1716.95,Right.,-0.2300000000000182,0.21000000000003638,0,False,True,1
785,5c4e58785994ca0001132982,1716.98,1717.85,just downplayed.,0.029999999999972715,0.8699999999998909,0,False,False,2
786,5f6e71f3b273c13b726f3622,1717.54,1717.77,Yes.,-0.30999999999994543,0.2300000000000182,0,False,True,1
787,5c4e58785994ca0001132982,1717.85,1723.56,"It was kind of like gaslighting us about the fact that we were breathing free on from the air conditioning,",0.07999999999992724,5.710000000000036,0,False,False,20
788,5f6e71f3b273c13b726f3622,1723.64,1724.96,"Oh my God,",0.08000000000015461,1.3199999999999363,0,False,False,3
789,5c4e58785994ca0001132982,1723.94,1730.61,"has it leaked? The entire time we lived in that house, it was leaking freon right into the intake for the",-1.0199999999999818,6.669999999999845,1,False,True,21
790,5f6e71f3b273c13b726f3622,1730.54,1730.86,it's,-0.06999999999993634,0.31999999999993634,0,False,True,2
791,5c4e58785994ca0001132982,1730.61,1731.17,house.,-0.25,0.5600000000001728,0,False,True,1
792,5f6e71f3b273c13b726f3622,1731.54,1731.87,can you,0.36999999999989086,0.32999999999992724,0,False,False,2
793,5c4e58785994ca0001132982,1731.84,1732.0,And,-0.029999999999972715,0.16000000000008185,0,False,True,1
794,5f6e71f3b273c13b726f3622,1731.87,1732.35,ask,-0.13000000000010914,0.4800000000000182,0,False,True,1
795,5c4e58785994ca0001132982,1732.0,1732.37,"they just,",-0.34999999999990905,0.36999999999989086,0,False,True,2
796,5f6e71f3b273c13b726f3622,1732.36,1733.06,that?,-0.009999999999990905,0.7000000000000455,1,True,True,1
797,5c4e58785994ca0001132982,1732.38,1738.57,"they just keep recharging it. And finally the technician was like, hey, I'm really kind of not supposed to do this, but I got to tell",-0.6799999999998363,6.189999999999827,0,False,True,27
798,5f6e71f3b273c13b726f3622,1738.54,1738.77,Mhm.,-0.029999999999972715,0.2300000000000182,0,False,True,1
799,5c4e58785994ca0001132982,1738.57,1742.76,"you guys, you can see, showed us the pictures you can see right here, the free on his spring,",-0.20000000000004547,4.190000000000055,0,False,True,19
800,5f6e71f3b273c13b726f3622,1742.44,1742.67,Yeah.,-0.31999999999993634,0.2300000000000182,0,False,True,1
801,5c4e58785994ca0001132982,1742.76,1743.96,right on the,0.08999999999991815,1.2000000000000455,0,False,False,3
802,5f6e71f3b273c13b726f3622,1743.44,1743.76,Yeah.,-0.5199999999999818,0.31999999999993634,0,False,True,1
803,5c4e58785994ca0001132982,1743.97,1744.81,event. We told,0.21000000000003638,0.8399999999999181,0,False,False,3
804,5f6e71f3b273c13b726f3622,1744.74,1744.95,Oh.,-0.06999999999993634,0.21000000000003638,0,False,True,1
805,5c4e58785994ca0001132982,1744.81,1749.77,them years ago that they need to fix this and not just keep putting fresh free on in there.,-0.14000000000010004,4.960000000000036,0,False,True,19
806,5f6e71f3b273c13b726f3622,1749.84,1750.77,Oh my God.,0.06999999999993634,0.9300000000000637,0,False,False,3
807,5c4e58785994ca0001132982,1750.54,1760.93,"And anyway, so we decided I I decided that she could afford a house with a new job and so, and she was like, oh right, and we went through that whole",-0.2300000000000182,10.3900000000001,0,False,True,32
808,5f6e71f3b273c13b726f3622,1760.74,1760.93,Yeah.,-0.19000000000005457,0.19000000000005457,0,False,True,1
809,5c4e58785994ca0001132982,1760.93,1762.34,process that's buying,0.0,1.4099999999998545,0,False,False,4
810,5f6e71f3b273c13b726f3622,1762.14,1763.53,Okay.,-0.1999999999998181,1.3899999999998727,0,False,True,1
811,5c4e58785994ca0001132982,1762.34,1765.64,a house. So we moved like three times within that first,-1.1900000000000546,3.300000000000182,0,False,True,11
812,5f6e71f3b273c13b726f3622,1765.44,1765.67,Right.,-0.20000000000004547,0.2300000000000182,0,False,True,1
813,5c4e58785994ca0001132982,1765.64,1766.17,year,-0.029999999999972715,0.5299999999999727,0,False,True,1
814,5f6e71f3b273c13b726f3622,1766.64,1767.22,That's,0.4700000000000273,0.5799999999999272,0,False,False,2
815,5c4e58785994ca0001132982,1766.64,1767.3,and,-0.5799999999999272,0.6599999999998545,0,False,True,1
816,5f6e71f3b273c13b726f3622,1767.22,1767.56,cool.,-0.07999999999992724,0.33999999999991815,0,False,True,1
817,5c4e58785994ca0001132982,1767.31,1769.87,"about six months in the new house, maybe a little",-0.25,2.5599999999999454,0,False,True,10
818,5f6e71f3b273c13b726f3622,1769.84,1770.04,Yeah.,-0.029999999999972715,0.20000000000004547,0,False,True,1
819,5c4e58785994ca0001132982,1769.87,1772.12,less than that when we broke up. And,-0.17000000000007276,2.25,0,False,True,8
820,5f6e71f3b273c13b726f3622,1771.94,1772.36,To see,-0.1799999999998363,0.4199999999998454,0,False,True,2
821,5c4e58785994ca0001132982,1772.13,1774.86,we just were we just couldn't,-0.22999999999979082,2.729999999999791,0,False,True,7
822,5f6e71f3b273c13b726f3622,1775.34,1775.82,step,0.4800000000000182,0.4800000000000182,0,False,False,1
823,5c4e58785994ca0001132982,1775.54,1775.96,get,-0.2799999999999727,0.42000000000007276,0,False,True,1
824,5f6e71f3b273c13b726f3622,1775.82,1775.96,up.,-0.14000000000010004,0.14000000000010004,0,False,True,1
825,5c4e58785994ca0001132982,1776.84,1786.77,"resolution on the things that had come up during and we just kind of both were like, ah",0.8799999999998818,9.930000000000064,0,False,False,18
826,5f6e71f3b273c13b726f3622,1784.54,1793.55,"Yeah, I know that stressful I went through a divorce to like two years ago was finalized, but he was",-2.230000000000018,9.009999999999991,0,False,True,20
827,5c4e58785994ca0001132982,1793.34,1793.76,Mhm.,-0.21000000000003638,0.42000000000007276,0,False,True,1
828,5f6e71f3b273c13b726f3622,1793.55,1798.35,"just a piece of work, so right, like",-0.21000000000003638,4.7999999999999545,0,False,True,8
829,5c4e58785994ca0001132982,1797.94,1798.56,"He was like,",-0.4099999999998545,0.6199999999998909,0,False,True,3
830,5f6e71f3b273c13b726f3622,1798.36,1800.85,he was just a piece of work. He wasn't very he,-0.20000000000004547,2.490000000000009,0,False,True,12
831,5c4e58785994ca0001132982,1800.74,1800.94,"yeah,",-0.10999999999989996,0.20000000000004547,0,False,True,1
832,5f6e71f3b273c13b726f3622,1800.85,1810.27,"was doing all sorts of stuff behind my back and just not a very good guy, but it was stressful having to deal with it, but at least I kept the house so",-0.09000000000014552,9.420000000000073,0,False,True,33
833,5c4e58785994ca0001132982,1809.94,1810.27,I'm,-0.32999999999992724,0.32999999999992724,0,False,True,2
834,5f6e71f3b273c13b726f3622,1810.94,1811.17,good.,0.6700000000000728,0.2300000000000182,0,False,False,1
835,5c4e58785994ca0001132982,1810.94,1812.26,this one here that you're,-0.2300000000000182,1.3199999999999363,0,False,True,6
836,5f6e71f3b273c13b726f3622,1812.24,1812.55,"Yeah,",-0.01999999999998181,0.30999999999994543,0,False,True,1
837,5c4e58785994ca0001132982,1812.26,1812.46,in.,-0.2899999999999636,0.20000000000004547,0,False,True,1
838,5f6e71f3b273c13b726f3622,1812.56,1815.06,"that was my was mine before anyway, so",0.09999999999990905,2.5,0,False,False,8
839,5c4e58785994ca0001132982,1814.84,1815.17,Mhm.,-0.22000000000002728,0.3300000000001546,0,False,True,1
840,5f6e71f3b273c13b726f3622,1815.07,1816.17,but uh,-0.10000000000013642,1.1000000000001364,0,False,True,2
841,5c4e58785994ca0001132982,1815.74,1816.06,Of,-0.43000000000006366,0.31999999999993634,0,False,True,1
842,5f6e71f3b273c13b726f3622,1816.74,1817.36,but,0.6800000000000637,0.6199999999998909,0,False,False,1
843,5c4e58785994ca0001132982,1817.14,1817.83,"but here's the thing,",-0.2199999999997999,0.6899999999998272,0,False,True,5
844,5f6e71f3b273c13b726f3622,1818.34,1818.84,Uh huh.,0.5099999999999909,0.5,0,False,False,2
845,5c4e58785994ca0001132982,1818.72,1824.36,"Yeah, we were we were domestic partners, but we weren't legally married. So the only thing that",-0.11999999999989086,5.639999999999873,0,False,True,18
846,5f6e71f3b273c13b726f3622,1824.14,1825.85,Okay.,-0.2199999999997999,1.709999999999809,0,False,True,1
847,5c4e58785994ca0001132982,1824.84,1827.17,uh that that impact it was that,-1.009999999999991,2.3300000000001546,0,False,True,7
848,5f6e71f3b273c13b726f3622,1827.14,1827.46,Right.,-0.029999999999972715,0.31999999999993634,0,False,True,1
849,5c4e58785994ca0001132982,1827.54,1828.86,I could no longer get the,0.07999999999992724,1.3199999999999363,0,False,False,6
850,5f6e71f3b273c13b726f3622,1828.84,1829.05,Right.,-0.01999999999998181,0.21000000000003638,0,False,True,1
851,5c4e58785994ca0001132982,1828.87,1833.45,"tuition reduction at the university, I had started degree programme",-0.18000000000006366,4.580000000000155,0,False,True,10
852,5f6e71f3b273c13b726f3622,1833.14,1833.35,Mhm.,-0.30999999999994543,0.209999999999809,0,False,True,1
853,5c4e58785994ca0001132982,1833.94,1834.77,and,0.5900000000001455,0.8299999999999272,0,False,False,1
854,5f6e71f3b273c13b726f3622,1834.44,1835.28,See,-0.32999999999992724,0.8399999999999181,0,False,True,1
855,5c4e58785994ca0001132982,1835.34,1837.85,that was the absolute worst part of the break,0.05999999999994543,2.509999999999991,0,False,False,9
856,5f6e71f3b273c13b726f3622,1837.64,1837.84,Yeah.,-0.209999999999809,0.1999999999998181,0,False,True,1
857,5c4e58785994ca0001132982,1837.85,1839.15,up. I,0.009999999999990905,1.300000000000182,0,False,False,2
858,5f6e71f3b273c13b726f3622,1838.74,1839.85,Okay.,-0.41000000000008185,1.1099999999999,0,False,True,1
859,5c4e58785994ca0001132982,1839.16,1843.4,"said Caitlyn, can we just wait",-0.6899999999998272,4.240000000000009,0,False,True,6
860,5f6e71f3b273c13b726f3622,1842.84,1843.04,Yeah.,-0.5600000000001728,0.20000000000004547,0,False,True,1
861,5c4e58785994ca0001132982,1843.41,1843.84,six,0.37000000000011823,0.4299999999998363,0,False,False,1
862,5f6e71f3b273c13b726f3622,1843.54,1843.77,Yes.,-0.2999999999999545,0.2300000000000182,0,False,True,1
863,5c4e58785994ca0001132982,1843.84,1845.21,weeks to break up,0.06999999999993634,1.3700000000001182,0,False,False,4
864,5f6e71f3b273c13b726f3622,1845.04,1845.55,All right.,-0.17000000000007276,0.5099999999999909,0,False,True,2
865,5c4e58785994ca0001132982,1845.22,1847.35,so I can get the tuition reduction,-0.32999999999992724,2.1299999999998818,0,False,True,7
866,5f6e71f3b273c13b726f3622,1847.22,1847.37,And,-0.12999999999988177,0.14999999999986358,0,False,True,1
867,5c4e58785994ca0001132982,1847.36,1847.63,one,-0.009999999999990905,0.2700000000002092,0,False,True,1
868,5f6e71f3b273c13b726f3622,1847.37,1847.96,she wouldn't,-0.2600000000002183,0.5900000000001455,0,False,True,3
869,5c4e58785994ca0001132982,1847.63,1848.35,more time.,-0.32999999999992724,0.7199999999997999,0,False,True,2
870,5f6e71f3b273c13b726f3622,1848.34,1848.55,Okay.,-0.009999999999990905,0.21000000000003638,0,False,True,1
871,5c4e58785994ca0001132982,1848.74,1854.45,She would not do it because it was not honest. She couldn't just wouldn't be right. And I,0.19000000000005457,5.710000000000036,0,False,False,20
872,5f6e71f3b273c13b726f3622,1855.34,1855.85,Oh,0.8899999999998727,0.5099999999999909,0,False,False,1
873,5c4e58785994ca0001132982,1855.84,1862.38,"I tried to, oh man, I tried to explain how much that meant to me, like all the work that I put into our relationship",-0.009999999999990905,6.540000000000191,0,False,True,25
874,5f6e71f3b273c13b726f3622,1861.84,1862.04,yeah.,-0.540000000000191,0.20000000000004547,0,False,True,1
875,5c4e58785994ca0001132982,1862.38,1868.91,and getting us settled here buying a new car. I did all the research and like finding the car were like,0.3400000000001455,6.529999999999973,0,False,False,21
876,5f6e71f3b273c13b726f3622,1868.64,1868.84,Yeah.,-0.2699999999999818,0.1999999999998181,0,False,True,1
877,5c4e58785994ca0001132982,1868.92,1869.54,where to go and,0.08000000000015461,0.6199999999998909,0,False,False,4
878,5f6e71f3b273c13b726f3622,1869.54,1869.77,Yeah.,0.0,0.2300000000000182,0,False,False,1
879,5c4e58785994ca0001132982,1869.54,1870.67,get it and all that,-0.2300000000000182,1.1300000000001091,0,False,True,5
880,5f6e71f3b273c13b726f3622,1870.44,1870.77,Okay.,-0.2300000000000182,0.32999999999992724,0,False,True,1
881,5c4e58785994ca0001132982,1870.68,1880.04,"and helped and all the, all the research on things to look out for when you're buying a house and a car, and like the conversations, the negotiations with the sellers and all",-0.08999999999991815,9.3599999999999,0,False,True,34
882,5f6e71f3b273c13b726f3622,1879.84,1880.26,Oh,-0.20000000000004547,0.42000000000007276,0,False,True,1
883,5c4e58785994ca0001132982,1880.04,1885.68,"this stuff I put into it. And then when we broke up, she was just kind of like, well, when are you moving out? I had",-0.22000000000002728,5.6400000000001,1,False,True,26
884,5f6e71f3b273c13b726f3622,1885.64,1886.06,right.,-0.03999999999996362,0.4199999999998454,0,False,True,1
885,5c4e58785994ca0001132982,1885.69,1887.03,"so, in her eyes, I had",-0.36999999999989086,1.3399999999999181,0,False,True,6
886,5f6e71f3b273c13b726f3622,1886.84,1887.17,Mhm.,-0.19000000000005457,0.3300000000001546,0,False,True,1
887,5c4e58785994ca0001132982,1887.03,1891.98,"no equity, which was a shock. Like, I was just like, oh, well, how",-0.14000000000010004,4.9500000000000455,0,False,True,14
888,5f6e71f3b273c13b726f3622,1891.74,1891.95,No.,-0.2400000000000091,0.21000000000003638,0,False,True,1
889,5c4e58785994ca0001132982,1891.98,1892.56,about this? At,0.029999999999972715,0.5799999999999272,1,False,False,3
890,5f6e71f3b273c13b726f3622,1892.54,1892.77,Okay.,-0.01999999999998181,0.2300000000000182,0,False,True,1
891,5c4e58785994ca0001132982,1892.56,1897.14,"least, you know, let's wait six weeks. And then she was like, no. And I was like, wow.",-0.21000000000003638,4.580000000000155,0,False,True,19
892,5f6e71f3b273c13b726f3622,1897.04,1897.36,Okay.,-0.10000000000013642,0.31999999999993634,0,False,True,1
893,5c4e58785994ca0001132982,1897.14,1906.36,"Like now I still can't reconcile the person she was during our break off with, the person I was with those three years. Like",-0.2199999999997999,9.2199999999998,0,False,True,25
894,5f6e71f3b273c13b726f3622,1905.44,1910.45,"Yeah, I think people, I guess sometimes during that time you see people's true colors",-0.9199999999998454,5.009999999999991,0,False,True,16
895,5c4e58785994ca0001132982,1910.24,1912.04,Mhm. Yeah.,-0.21000000000003638,1.7999999999999545,0,False,True,2
896,5f6e71f3b273c13b726f3622,1911.74,1912.67,so,-0.2999999999999545,0.9300000000000637,0,False,True,1
897,5c4e58785994ca0001132982,1912.05,1913.59,Yeah. That's,-0.6200000000001182,1.5399999999999636,0,False,True,3
898,5f6e71f3b273c13b726f3622,1913.44,1913.86,Right.,-0.14999999999986358,0.4199999999998454,0,False,True,1
899,5c4e58785994ca0001132982,1913.59,1917.96,funny because I related this story to someone very recently and they said,-0.2699999999999818,4.370000000000118,0,False,True,13
900,5f6e71f3b273c13b726f3622,1917.74,1918.27,Uh huh.,-0.22000000000002728,0.5299999999999727,0,False,True,2
901,5c4e58785994ca0001132982,1918.34,1924.43,"like that same thing and I'm and I'm I'm resistant to that, I'm like yeah, but no,",0.06999999999993634,6.0900000000001455,0,False,False,21
902,5f6e71f3b273c13b726f3622,1923.94,1924.27,On,-0.4900000000000091,0.32999999999992724,0,False,True,1
903,5c4e58785994ca0001132982,1924.44,1929.26,like I couldn't have been so in love with someone who was,0.17000000000007276,4.819999999999936,0,False,False,13
904,5f6e71f3b273c13b726f3622,1927.74,1934.1,"see that's what I feel like like the person I mean Yeah, he was just not he was either",-1.5199999999999818,6.3599999999999,0,False,True,20
905,5c4e58785994ca0001132982,1933.94,1934.17,Yeah.,-0.15999999999985448,0.2300000000000182,0,False,True,1
906,5f6e71f3b273c13b726f3622,1934.11,1935.8,very he was a very good liar.,-0.060000000000172804,1.6900000000000546,0,False,True,7
907,5c4e58785994ca0001132982,1935.64,1935.85,Yeah.,-0.15999999999985448,0.209999999999809,0,False,True,1
908,5f6e71f3b273c13b726f3622,1935.81,1936.45,Just,-0.03999999999996362,0.6400000000001,0,False,True,1
909,5c4e58785994ca0001132982,1936.94,1937.45,Mhm.,0.4900000000000091,0.5099999999999909,0,False,False,1
910,5f6e71f3b273c13b726f3622,1937.54,1943.99,I don't know. I think I just saw a completely different side and I we've been together 11 years so I couldn't believe,0.08999999999991815,6.4500000000000455,0,False,False,26
911,5c4e58785994ca0001132982,1943.44,1943.77,Oh,-0.5499999999999545,0.32999999999992724,0,False,True,1
912,5f6e71f3b273c13b726f3622,1944.0,1947.35,"that you know, somebody can treat somebody like that. But",0.2300000000000182,3.349999999999909,0,False,False,10
913,5c4e58785994ca0001132982,1948.14,1949.54,yeah.,0.790000000000191,1.3999999999998636,0,False,False,1
914,5f6e71f3b273c13b726f3622,1948.84,1955.66,"I haven't seen or spoken to him since, but I just think you see for me it was seeing his real colors, seeing what",-0.7000000000000455,6.820000000000164,0,False,True,25
915,5c4e58785994ca0001132982,1955.64,1956.17,Mhm.,-0.01999999999998181,0.5299999999999727,0,False,True,1
916,5f6e71f3b273c13b726f3622,1955.66,1956.66,he was actually like.,-0.5099999999999909,1.0,0,False,True,4
917,5c4e58785994ca0001132982,1957.44,1969.51,"Yeah. Yeah, I know there were there were ways that I pretended throughout that relationship and I think that takes a tool, like there are certain things that I was just like, well this",0.7799999999999727,12.069999999999936,0,False,False,34
918,5f6e71f3b273c13b726f3622,1969.34,1969.52,"Yeah,",-0.17000000000007276,0.18000000000006366,0,False,True,1
919,5c4e58785994ca0001132982,1969.51,1970.35,isn't worth,-0.009999999999990905,0.8399999999999181,0,False,True,3
920,5f6e71f3b273c13b726f3622,1970.04,1970.27,this,-0.30999999999994543,0.2300000000000182,0,False,True,1
921,5c4e58785994ca0001132982,1971.14,1972.31,the conflict,0.8700000000001182,1.1699999999998454,0,False,False,2
922,5f6e71f3b273c13b726f3622,1971.64,1972.06,that's fine.,-0.6699999999998454,0.4199999999998454,0,False,True,3
923,5c4e58785994ca0001132982,1972.32,1972.62,that it,0.2599999999999909,0.2999999999999545,0,False,False,2
924,5f6e71f3b273c13b726f3622,1972.54,1972.86,Yeah.,-0.07999999999992724,0.31999999999993634,0,False,True,1
925,5c4e58785994ca0001132982,1972.62,1974.26,would take to try to have,-0.2400000000000091,1.6400000000001,0,False,True,6
926,5f6e71f3b273c13b726f3622,1974.14,1974.5,All right.,-0.11999999999989086,0.35999999999989996,0,False,True,2
927,5c4e58785994ca0001132982,1975.14,1975.53,or,0.6400000000001,0.38999999999987267,0,False,False,1
928,5f6e71f3b273c13b726f3622,1975.34,1975.54,Yeah.,-0.19000000000005457,0.20000000000004547,0,False,True,1
929,5c4e58785994ca0001132982,1975.53,1976.1,I even would,-0.009999999999990905,0.5699999999999363,0,False,True,3
930,5f6e71f3b273c13b726f3622,1976.04,1976.27,"Mhm,",-0.05999999999994543,0.2300000000000182,0,False,True,1
931,5c4e58785994ca0001132982,1976.1,1980.77,"try and then it was just like, like that part of",-0.17000000000007276,4.670000000000073,0,False,True,11
932,5f6e71f3b273c13b726f3622,1980.64,1980.85,mm.,-0.12999999999988177,0.209999999999809,0,False,True,1
933,5c4e58785994ca0001132982,1981.14,1981.38,who I,0.290000000000191,0.2400000000000091,0,False,False,2
934,5f6e71f3b273c13b726f3622,1981.34,1981.76,Okay.,-0.040000000000190994,0.42000000000007276,0,False,True,1
935,5c4e58785994ca0001132982,1981.38,1984.23,was not Something she wanted,-0.37999999999988177,2.849999999999909,0,False,True,5
936,5f6e71f3b273c13b726f3622,1983.94,1984.17,"Mhm,",-0.2899999999999636,0.2300000000000182,0,False,True,1
937,5c4e58785994ca0001132982,1984.23,1991.78,"to interact with and I'm like, well that's unfortunate, but that's kind of how it has to be in relationship, like people don't match 1-100%,",0.05999999999994543,7.5499999999999545,0,False,False,30
938,5f6e71f3b273c13b726f3622,1991.1,1991.65,mm.,-0.6800000000000637,0.5500000000001819,0,False,True,1
939,5c4e58785994ca0001132982,1991.79,1994.57,so there are certain parts of myself that I didn't,0.13999999999987267,2.7799999999999727,0,False,False,11
940,5f6e71f3b273c13b726f3622,1994.44,1994.95,Mhm.,-0.12999999999988177,0.5099999999999909,0,False,True,1
941,5c4e58785994ca0001132982,1994.57,2000.04,really express when I was with her. And so that's,-0.38000000000010914,5.470000000000027,0,False,True,11
942,5f6e71f3b273c13b726f3622,1999.94,2000.17,Okay.,-0.09999999999990905,0.2300000000000182,0,False,True,1
943,5c4e58785994ca0001132982,2000.04,2000.89,stressful,-0.13000000000010914,0.8500000000001364,0,False,True,1
944,5f6e71f3b273c13b726f3622,2000.84,2000.93,Uh,-0.0500000000001819,0.09000000000014552,0,False,True,1
945,5c4e58785994ca0001132982,2000.89,2001.06,and,-0.03999999999996362,0.16999999999984539,0,False,True,1
946,5f6e71f3b273c13b726f3622,2000.93,2001.46,huh.,-0.12999999999988177,0.5299999999999727,0,False,True,1
947,5c4e58785994ca0001132982,2001.06,2003.64,that I think like I think kind of everybody does that,-0.40000000000009095,2.5800000000001546,0,False,True,11
948,5f6e71f3b273c13b726f3622,2003.54,2003.86,Mhm.,-0.10000000000013642,0.31999999999993634,0,False,True,1
949,5c4e58785994ca0001132982,2003.64,2009.61,"and then during a breakup or has the cause of a breakup, people are like I can't",-0.2199999999997999,5.9699999999998,0,False,True,18
950,5f6e71f3b273c13b726f3622,2009.24,2009.56,Group,-0.36999999999989086,0.31999999999993634,0,False,True,1
951,5c4e58785994ca0001132982,2009.62,2011.67,not be me anymore.,0.05999999999994543,2.050000000000182,0,False,False,4
952,5f6e71f3b273c13b726f3622,2011.24,2012.68,"Yeah, I think they just reached",-0.43000000000006366,1.4400000000000546,0,False,True,6
953,5c4e58785994ca0001132982,2012.44,2012.67,Yeah.,-0.2400000000000091,0.2300000000000182,0,False,True,1
954,5f6e71f3b273c13b726f3622,2012.68,2013.16,"there,",0.009999999999990905,0.4800000000000182,0,False,False,1
955,5c4e58785994ca0001132982,2013.84,2014.56,Mhm,0.6799999999998363,0.7200000000000273,0,False,False,1
956,5f6e71f3b273c13b726f3622,2013.94,2018.27,you know that tipping point and they're just them. So Okay.,-0.6199999999998909,4.329999999999927,0,False,True,12
957,5c4e58785994ca0001132982,2018.04,2018.96,"mm,",-0.2300000000000182,0.9200000000000728,0,False,True,1
958,5f6e71f3b273c13b726f3622,2018.74,2019.91,"It's Yeah,",-0.22000000000002728,1.1700000000000728,0,False,True,3
959,5c4e58785994ca0001132982,2019.84,2021.55,yep,-0.07000000000016371,1.7100000000000364,0,False,True,1
960,5f6e71f3b273c13b726f3622,2019.92,2021.95,it's cool. Not fun.,-1.6299999999998818,2.0299999999999727,0,False,True,5
961,5c4e58785994ca0001132982,2022.14,2023.83,"enough to each other, we",0.19000000000005457,1.6899999999998272,0,False,False,5
962,5f6e71f3b273c13b726f3622,2023.14,2023.85,Yeah.,-0.6899999999998272,0.709999999999809,0,False,True,1
963,5c4e58785994ca0001132982,2023.84,2027.42,were almost at that point time wise,-0.009999999999990905,3.5800000000001546,0,False,True,7
964,5f6e71f3b273c13b726f3622,2027.14,2027.34,Yeah.,-0.2799999999999727,0.1999999999998181,0,False,True,1
965,5c4e58785994ca0001132982,2027.42,2030.32,"anyway, I mean it's fun, I'm enjoying this.",0.08000000000015461,2.8999999999998636,0,False,False,10
966,5f6e71f3b273c13b726f3622,2031.14,2034.78,Yeah. I put a timer and I think we're at 29. Cool.,0.8200000000001637,3.6399999999998727,0,False,False,13
967,5c4e58785994ca0001132982,2034.54,2034.95,"Yeah,",-0.2400000000000091,0.41000000000008185,0,False,True,1
968,5f6e71f3b273c13b726f3622,2035.74,2036.15,Yeah.,0.7899999999999636,0.41000000000008185,0,False,False,1
969,5c4e58785994ca0001132982,2036.14,2038.07,so that's so that's good.,-0.009999999999990905,1.9299999999998363,0,False,True,7
970,5f6e71f3b273c13b726f3622,2037.34,2038.11,Yeah. I,-0.7300000000000182,0.7699999999999818,0,False,True,2
971,5c4e58785994ca0001132982,2038.08,2038.43,Oh,-0.029999999999972715,0.3500000000001364,0,False,True,1
972,5f6e71f3b273c13b726f3622,2038.11,2038.77,think we,-0.3200000000001637,0.6600000000000819,0,False,True,2
973,5c4e58785994ca0001132982,2038.43,2039.94,yeah.,-0.33999999999991815,1.509999999999991,0,False,True,1
974,5f6e71f3b273c13b726f3622,2039.14,2041.09,We've hit the we have to do 25,-0.7999999999999545,1.949999999999818,0,False,True,9
975,5c4e58785994ca0001132982,2040.54,2040.77,Mhm.,-0.5499999999999545,0.2300000000000182,0,False,True,1
976,5f6e71f3b273c13b726f3622,2041.09,2041.69,so I think we,0.31999999999993634,0.6000000000001364,0,False,False,4
977,5c4e58785994ca0001132982,2041.54,2041.86,Mhm.,-0.15000000000009095,0.31999999999993634,0,False,True,1
978,5f6e71f3b273c13b726f3622,2041.69,2042.67,were past this.,-0.16999999999984539,0.9800000000000182,0,False,True,3
979,5c4e58785994ca0001132982,2042.84,2045.76,Mhm. We have done our job.,0.16999999999984539,2.9200000000000728,0,False,False,6
980,5f6e71f3b273c13b726f3622,2045.44,2045.95,We have,-0.31999999999993634,0.5099999999999909,0,False,True,2
981,5c4e58785994ca0001132982,2045.77,2050.6,I thought for a second in my mind I was like why did you tell me your last,-0.18000000000006366,4.829999999999927,0,False,True,18
982,5f6e71f3b273c13b726f3622,2050.54,2050.75,or,-0.05999999999994543,0.21000000000003638,0,False,True,1
983,5c4e58785994ca0001132982,2050.6,2055.25,"name and then I realized you didn't, I was talking with my mom yesterday",-0.15000000000009095,4.650000000000091,0,False,True,15
984,5f6e71f3b273c13b726f3622,2054.84,2055.04,Yeah.,-0.4099999999998545,0.1999999999998181,0,False,True,1
985,5c4e58785994ca0001132982,2055.26,2056.68,"and she was telling me about a book,",0.22000000000025466,1.419999999999618,0,False,False,8
986,5f6e71f3b273c13b726f3622,2056.64,2056.84,Yeah.,-0.03999999999996362,0.20000000000027285,0,False,True,1
987,5c4e58785994ca0001132982,2056.68,2058.33,she was reading her head read,-0.16000000000030923,1.650000000000091,0,False,True,6
988,5f6e71f3b273c13b726f3622,2057.94,2058.17,Yeah.,-0.38999999999987267,0.2300000000000182,0,False,True,1
989,5c4e58785994ca0001132982,2058.34,2059.89,by a british author,0.17000000000007276,1.5499999999997272,0,False,False,4
990,5f6e71f3b273c13b726f3622,2059.64,2059.97,Okay.,-0.25,0.32999999999992724,0,False,True,1
991,5c4e58785994ca0001132982,2059.89,2061.67,named Elizabeth George.,-0.07999999999992724,1.7800000000002,0,False,True,3
992,5f6e71f3b273c13b726f3622,2061.14,2062.67,Uh Really?,-0.5300000000002001,1.5300000000002,1,True,True,2
993,5c4e58785994ca0001132982,2062.64,2063.25,And,-0.03000000000020009,0.6100000000001273,0,False,True,1
994,5f6e71f3b273c13b726f3622,2063.14,2063.29,Yeah.,-0.11000000000012733,0.15000000000009095,0,False,True,1
995,5c4e58785994ca0001132982,2063.25,2064.77,and so at some,-0.03999999999996362,1.5199999999999818,0,False,True,4
996,5f6e71f3b273c13b726f3622,2064.74,2065.06,Mhm.,-0.03000000000020009,0.3200000000001637,0,False,True,1
997,5c4e58785994ca0001132982,2064.77,2071.14,"point a couple of minutes ago I was like Elizabeth George. Wait, why did she tell me her last name? No, that's not her. Someone",-0.2899999999999636,6.369999999999891,1,False,True,26
998,5f6e71f3b273c13b726f3622,2070.74,2071.36,"No, I have.",-0.40000000000009095,0.6200000000003456,0,False,True,3
999,5c4e58785994ca0001132982,2071.14,2071.46,else.,-0.22000000000025466,0.3200000000001637,0,False,True,1
1000,5f6e71f3b273c13b726f3622,2071.74,2072.2,That's funny.,0.27999999999974534,0.4600000000000364,0,False,False,3
1001,5c4e58785994ca0001132982,2072.14,2072.34,Yeah.,-0.05999999999994543,0.20000000000027285,0,False,True,1
1002,5f6e71f3b273c13b726f3622,2072.2,2073.2,I've never heard of Elizabeth,-0.14000000000032742,1.0,0,False,True,6
1003,5c4e58785994ca0001132982,2072.94,2073.26,Mhm.,-0.25999999999976353,0.3200000000001637,0,False,True,1
1004,5f6e71f3b273c13b726f3622,2073.2,2073.86,George.,-0.06000000000040018,0.6600000000003092,0,False,True,1
1005,5c4e58785994ca0001132982,2073.64,2073.85,Mhm,-0.22000000000025466,0.21000000000003638,0,False,True,1
1006,5f6e71f3b273c13b726f3622,2073.87,2074.42,Have to look at,0.01999999999998181,0.5500000000001819,0,False,False,4
1007,5c4e58785994ca0001132982,2074.34,2074.99,Yeah.,-0.07999999999992724,0.6499999999996362,0,False,True,1
1008,5f6e71f3b273c13b726f3622,2074.42,2075.0,the,-0.569999999999709,0.5799999999999272,0,False,True,1
1009,5c4e58785994ca0001132982,2075.0,2076.61,Uh it was uh,0.0,1.6100000000001273,0,False,False,4
1010,5f6e71f3b273c13b726f3622,2076.24,2076.47,Yeah.,-0.3700000000003456,0.2300000000000182,0,False,True,1
1011,5c4e58785994ca0001132982,2076.62,2080.76,"she told me about several books like remember which my father? That was great, I think",0.15000000000009095,4.140000000000327,1,False,False,16
1012,5f6e71f3b273c13b726f3622,2081.44,2081.97,Okay.,0.6799999999998363,0.5299999999997453,0,False,False,1
1013,5c4e58785994ca0001132982,2081.74,2085.97,or when the other wants you to. It sounded good,-0.2300000000000182,4.230000000000018,0,False,True,10
1014,5f6e71f3b273c13b726f3622,2086.14,2086.54,"Yeah, I might",0.17000000000007276,0.40000000000009095,0,False,False,3
1015,5c4e58785994ca0001132982,2086.44,2086.86,anyway.,-0.09999999999990905,0.42000000000007276,0,False,True,1
1016,5f6e71f3b273c13b726f3622,2086.54,2088.26,look it up. I love to read so,-0.3200000000001637,1.7200000000002547,0,False,True,8
1017,5c4e58785994ca0001132982,2089.14,2089.34,"Yeah,",0.8799999999996544,0.20000000000027285,0,False,False,1
1018,5f6e71f3b273c13b726f3622,2089.34,2090.36,I'll check it out.,0.0,1.0199999999999818,0,False,False,5
1019,5c4e58785994ca0001132982,2091.34,2091.79,"yeah,",0.9800000000000182,0.4499999999998181,0,False,False,1
1020,5f6e71f3b273c13b726f3622,2091.74,2092.72,Well,-0.0500000000001819,0.9800000000000182,0,False,True,1
1021,5c4e58785994ca0001132982,2091.8,2093.26,awesome.,-0.919999999999618,1.4600000000000364,0,False,True,1
1022,5f6e71f3b273c13b726f3622,2092.72,2094.35,it was very nice speaking to you.,-0.5400000000004184,1.6300000000001091,0,False,True,7
1023,5c4e58785994ca0001132982,2094.44,2096.71,It was nice speaking you too. I hope that,0.09000000000014552,2.269999999999982,0,False,False,9
1024,5f6e71f3b273c13b726f3622,2096.44,2096.67,Yes.,-0.2699999999999818,0.2300000000000182,0,False,True,1
1025,5c4e58785994ca0001132982,2096.72,2097.31,I hope,0.04999999999972715,0.5900000000001455,0,False,False,2
1026,5f6e71f3b273c13b726f3622,2097.14,2097.35,But,-0.17000000000007276,0.21000000000003638,0,False,True,1
1027,5c4e58785994ca0001132982,2097.32,2098.57,we can do it again,-0.02999999999974534,1.25,0,False,True,5
1028,5f6e71f3b273c13b726f3622,2098.24,2099.16,yeah.,-0.330000000000382,0.9200000000000728,0,False,True,1
1029,5c4e58785994ca0001132982,2098.58,2105.87,sometime. You're the second person who has actually showed up. I've done this eight times or so,-0.5799999999999272,7.289999999999964,0,False,True,19
1030,5f6e71f3b273c13b726f3622,2104.74,2106.66,Oh wow.,-1.1300000000001091,1.9200000000000728,0,False,True,2
1031,5c4e58785994ca0001132982,2105.88,2107.28,and all the others have been,-0.7799999999997453,1.400000000000091,0,False,True,6
1032,5f6e71f3b273c13b726f3622,2107.24,2107.47,"Yeah,",-0.04000000000041837,0.2300000000000182,0,False,True,1
1033,5c4e58785994ca0001132982,2107.28,2109.66,no shows.,-0.18999999999959982,2.3799999999996544,0,False,True,2
1034,5f6e71f3b273c13b726f3622,2107.84,2112.45,I think I've done it. I've spoken to people for I think you're the 4th one,-1.819999999999709,4.609999999999673,0,False,True,19
1035,5c4e58785994ca0001132982,2112.24,2112.56,Mhm,-0.21000000000003638,0.3200000000001637,0,False,True,1
1036,5f6e71f3b273c13b726f3622,2112.45,2113.71,but I've had two,-0.11000000000012733,1.2600000000002183,0,False,True,5
1037,5c4e58785994ca0001132982,2113.44,2115.34,Oh,-0.2699999999999818,1.900000000000091,0,False,True,1
1038,5f6e71f3b273c13b726f3622,2113.71,2114.67,no shows.,-1.6300000000001091,0.9600000000000364,0,False,True,2
1039,5c4e58785994ca0001132982,2115.35,2116.62,wow.,0.6799999999998363,1.2699999999999818,0,False,False,1
1040,5f6e71f3b273c13b726f3622,2115.94,2116.17,Yeah.,-0.6799999999998363,0.2300000000000182,0,False,True,1
1041,5c4e58785994ca0001132982,2116.63,2117.64,More,0.4600000000000364,1.0099999999997635,0,False,False,1
1042,5f6e71f3b273c13b726f3622,2116.94,2117.17,Mhm.,-0.6999999999998181,0.2300000000000182,0,False,True,1
1043,5c4e58785994ca0001132982,2117.65,2118.3,clothes that no,0.4800000000000182,0.650000000000091,0,False,False,3
1044,5f6e71f3b273c13b726f3622,2118.14,2118.34,Yeah.,-0.16000000000030923,0.20000000000027285,0,False,True,1
1045,5c4e58785994ca0001132982,2118.3,2119.26,toast.,-0.03999999999996362,0.9600000000000364,0,False,True,1
1046,5f6e71f3b273c13b726f3622,2118.74,2120.35,Yeah I had one. Not,-0.5200000000004366,1.6100000000001273,0,False,True,5
1047,5c4e58785994ca0001132982,2120.24,2120.65,"Yeah,",-0.11000000000012733,0.41000000000030923,0,False,True,1
1048,5f6e71f3b273c13b726f3622,2120.35,2122.39,shop yesterday but everyone else,-0.3000000000001819,2.0399999999999636,0,False,True,5
1049,5c4e58785994ca0001132982,2122.24,2122.45,it's all,-0.15000000000009095,0.21000000000003638,0,False,True,3
1050,5f6e71f3b273c13b726f3622,2122.39,2122.52,has,-0.05999999999994543,0.13000000000010914,0,False,True,1
1051,5c4e58785994ca0001132982,2122.45,2122.75,right.,-0.07000000000016371,0.3000000000001819,0,False,True,1
1052,5f6e71f3b273c13b726f3622,2122.52,2126.75,shown. Uh And then the first time I did it the person didn't show up but everyone else has shown up.,-0.2300000000000182,4.230000000000018,0,False,True,22
1053,5c4e58785994ca0001132982,2127.44,2130.42,Okay.,0.6900000000000546,2.980000000000018,0,False,False,1
1054,5f6e71f3b273c13b726f3622,2128.64,2130.46,Yeah but I think we,-1.7800000000002,1.8200000000001637,0,False,True,5
1055,5c4e58785994ca0001132982,2130.43,2130.68,Cool.,-0.03000000000020009,0.25,0,False,True,1
1056,5f6e71f3b273c13b726f3622,2130.46,2130.72,can do,-0.2199999999997999,0.25999999999976353,0,False,True,2
1057,5c4e58785994ca0001132982,2130.68,2130.91,Cool.,-0.03999999999996362,0.2300000000000182,0,False,True,1
1058,5f6e71f3b273c13b726f3622,2130.72,2132.16,six is what it said,-0.19000000000005457,1.4400000000000546,0,False,True,5
1059,5c4e58785994ca0001132982,2133.94,2134.56,Total.,1.7800000000002,0.6199999999998909,0,False,False,1
1060,5f6e71f3b273c13b726f3622,2134.34,2135.9,total. Yeah but I'm,-0.2199999999997999,1.5599999999999454,0,False,True,5
1061,5c4e58785994ca0001132982,2135.84,2136.22,Uh,-0.05999999999994543,0.3799999999996544,0,False,True,1
1062,5f6e71f3b273c13b726f3622,2135.9,2136.38,not I don't,-0.31999999999970896,0.4800000000000182,0,False,True,4
1063,5c4e58785994ca0001132982,2136.23,2136.48,it's,-0.15000000000009095,0.25,0,False,True,2
1064,5f6e71f3b273c13b726f3622,2136.38,2136.54,think,-0.09999999999990905,0.15999999999985448,0,False,True,1
1065,5c4e58785994ca0001132982,2136.48,2136.68,the,-0.05999999999994543,0.1999999999998181,0,False,True,1
1066,5f6e71f3b273c13b726f3622,2136.54,2136.7,that,-0.13999999999987267,0.15999999999985448,0,False,True,1
1067,5c4e58785994ca0001132982,2136.69,2137.09,dreadful,-0.009999999999763531,0.40000000000009095,0,False,True,1
1068,5f6e71f3b273c13b726f3622,2136.7,2137.49,includes.,-0.3900000000003274,0.7899999999999636,0,False,True,1
1069,5c4e58785994ca0001132982,2137.09,2137.55,"one,",-0.3999999999996362,0.4600000000000364,0,False,True,1
1070,5f6e71f3b273c13b726f3622,2137.5,2138.26,Uh huh,-0.0500000000001819,0.7600000000002183,0,False,True,2
1071,5c4e58785994ca0001132982,2138.74,2140.96,66 where someone actually shows up,0.47999999999956344,2.2200000000002547,0,False,False,6
1072,5f6e71f3b273c13b726f3622,2140.94,2141.41,that's what I,-0.01999999999998181,0.4699999999997999,0,False,True,4
1073,5c4e58785994ca0001132982,2141.34,2141.85,one.,-0.06999999999970896,0.5099999999997635,0,False,True,1
1074,5f6e71f3b273c13b726f3622,2141.41,2142.65,thought. I thought it was where somebody,-0.44000000000005457,1.2400000000002365,0,False,True,7
1075,5c4e58785994ca0001132982,2142.34,2144.67,Okay.,-0.30999999999994543,2.3299999999999272,0,False,True,1
1076,5f6e71f3b273c13b726f3622,2142.65,2146.23,shows up because otherwise you that do not,-2.019999999999982,3.5799999999999272,0,False,True,8
1077,5c4e58785994ca0001132982,2146.14,2146.47,Mhm.,-0.09000000000014552,0.32999999999992724,0,False,True,1
1078,5f6e71f3b273c13b726f3622,2146.23,2147.35,really doing anything,-0.23999999999978172,1.1199999999998909,0,False,True,3
1079,5c4e58785994ca0001132982,2147.04,2148.45,Mhm. Yeah.,-0.30999999999994543,1.4099999999998545,0,False,True,2
1080,5f6e71f3b273c13b726f3622,2148.64,2151.65,"so, yep. Yeah.",0.19000000000005457,3.0100000000002183,0,False,False,3
1081,5c4e58785994ca0001132982,2151.84,2156.36,"Well, I talked to him in case there in case they review because I know they're recording it. So",0.19000000000005457,4.519999999999982,0,False,False,20
1082,5f6e71f3b273c13b726f3622,2156.24,2156.95,Yeah.,-0.12000000000034561,0.7100000000000364,0,False,True,1
1083,5c4e58785994ca0001132982,2156.74,2159.35,"even if nobody shows up, I just talked to the researchers,",-0.21000000000003638,2.6100000000001273,0,False,True,11
1084,5f6e71f3b273c13b726f3622,2159.14,2162.74,Okay. Well that's good just say hello. Oh,-0.21000000000003638,3.599999999999909,0,False,True,9
1085,5c4e58785994ca0001132982,2162.53,2164.84,"you know, show them the city.",-0.20999999999958163,2.3099999999999454,0,False,True,6
1086,5f6e71f3b273c13b726f3622,2164.23,2168.05,yeah. Nice. Okay. Well it's very nice.,-0.6100000000001273,3.8200000000001637,0,False,True,8
1087,5c4e58785994ca0001132982,2167.73,2174.62,"Yeah, I'm just here by this. I'm just here by my storage unit because there's like pie in the office and this is where I was like, I could go somewhere",-0.3200000000001637,6.889999999999873,0,False,True,34
1088,5f6e71f3b273c13b726f3622,2174.43,2174.66,Just,-0.19000000000005457,0.2300000000000182,0,False,True,1
1089,5c4e58785994ca0001132982,2174.62,2175.93,"nicer, but well,",-0.03999999999996362,1.3099999999999454,0,False,True,3
1090,5f6e71f3b273c13b726f3622,2175.73,2176.05,problem.,-0.1999999999998181,0.3200000000001637,0,False,True,1
1091,5c4e58785994ca0001132982,2175.94,2178.15,I kind of need to be here. So,-0.11000000000012733,2.2100000000000364,0,False,True,8
1092,5f6e71f3b273c13b726f3622,2177.83,2181.18,I actually thought you might I thought I saw the back of a storage unit and I was like it looks,-0.3200000000001637,3.349999999999909,0,False,True,21
1093,5c4e58785994ca0001132982,2181.13,2181.45,"Yeah,",-0.04999999999972715,0.31999999999970896,0,False,True,1
1094,5f6e71f3b273c13b726f3622,2181.18,2183.66,like you've got a storage unit. Right.,-0.2699999999999818,2.480000000000018,0,False,True,8
1095,5c4e58785994ca0001132982,2183.03,2199.85,"yeah. Yeah. That was my solution after I moved out with Caitlin, I got my own place and uh and with this pandemic and the financial impact, I couldn't keep it. So my stuff is in storage and I'm gonna God places for everything else",-0.6299999999996544,16.81999999999971,0,False,True,48
1096,5f6e71f3b273c13b726f3622,2200.43,2201.35,Yeah.,0.5799999999999272,0.9200000000000728,0,False,False,1
1097,5c4e58785994ca0001132982,2200.43,2201.97,that I all my other needs.,-0.9200000000000728,1.5399999999999636,0,False,True,6
1098,5f6e71f3b273c13b726f3622,2202.43,2202.75,Yes,0.4600000000000364,0.3200000000001637,0,False,False,1
1099,5c4e58785994ca0001132982,2203.33,2208.34,"So I'm kind of like scattered all around in terms of where I work, where I sleep, where I eat",0.5799999999999272,5.010000000000218,0,False,False,21
1100,5f6e71f3b273c13b726f3622,2208.63,2209.16,wow.,0.2899999999999636,0.5299999999997453,0,False,False,1
1101,5c4e58785994ca0001132982,2209.03,2210.46,"already happened, where my stuff is.",-0.1299999999996544,1.4299999999998363,0,False,True,6
1102,5f6e71f3b273c13b726f3622,2210.63,2212.03,Oh gosh,0.17000000000007276,1.400000000000091,0,False,False,2
1103,5c4e58785994ca0001132982,2211.23,2216.77,"So, so that's that's that's part of the the answer to the question of whether I'm staying in Tucson, it just depends on how",-0.8000000000001819,5.539999999999964,0,False,True,28
1104,5f6e71f3b273c13b726f3622,2216.73,2217.15,okay.,-0.03999999999996362,0.42000000000007276,0,False,True,1
1105,5c4e58785994ca0001132982,2216.77,2218.45,well things work out and whether,-0.38000000000010914,1.6799999999998363,0,False,True,6
1106,5f6e71f3b273c13b726f3622,2218.33,2218.65,Yeah.,-0.11999999999989086,0.3200000000001637,0,False,True,1
1107,5c4e58785994ca0001132982,2218.45,2219.35,I find something,-0.20000000000027285,0.900000000000091,0,False,True,3
1108,5f6e71f3b273c13b726f3622,2219.73,2220.45,Okay.,0.38000000000010914,0.7199999999997999,0,False,False,1
1109,5c4e58785994ca0001132982,2219.93,2224.05,I would be better off because right now the weather is pretty great.,-0.5199999999999818,4.120000000000346,0,False,True,13
1110,5f6e71f3b273c13b726f3622,2224.53,2226.64,Yeah it was always nice when I well when I was,0.4800000000000182,2.1099999999996726,0,False,False,11
1111,5c4e58785994ca0001132982,2226.53,2227.16,Mhm.,-0.10999999999967258,0.6299999999996544,0,False,True,1
1112,5f6e71f3b273c13b726f3622,2226.64,2232.45,in black stuff it was pretty very nice weather. It's starting to get cold here which is nice. But,-0.5199999999999818,5.809999999999945,0,False,True,20
1113,5c4e58785994ca0001132982,2232.23,2233.84,"Yeah, it is.",-0.2199999999997999,1.6100000000001273,0,False,True,3
1114,5f6e71f3b273c13b726f3622,2234.23,2238.25,yeah I mean I'm ready for it to be. It's just so hot in the summers here.,0.38999999999987267,4.019999999999982,0,False,False,19
1115,5c4e58785994ca0001132982,2238.03,2238.73,Oh yeah.,-0.2199999999997999,0.6999999999998181,0,False,True,2
1116,5f6e71f3b273c13b726f3622,2238.73,2239.82,"Yeah,",0.0,1.0900000000001455,0,False,False,1
1117,5c4e58785994ca0001132982,2238.74,2239.35,And human.,-1.080000000000382,0.6100000000001273,0,False,True,2
1118,5f6e71f3b273c13b726f3622,2239.83,2241.78,hot and muggy and humid and so I'm,0.4800000000000182,1.9500000000002728,0,False,False,9
1119,5c4e58785994ca0001132982,2241.73,2242.05,Mhm.,-0.0500000000001819,0.3200000000001637,0,False,True,1
1120,5f6e71f3b273c13b726f3622,2241.78,2243.95,ready for it to be cool for a bit.,-0.2699999999999818,2.169999999999618,0,False,True,9
1121,5c4e58785994ca0001132982,2243.93,2245.04,Yeah. Yeah. Yeah.,-0.01999999999998181,1.1100000000001273,0,False,True,3
1122,5f6e71f3b273c13b726f3622,2245.23,2245.85,So,0.19000000000005457,0.6199999999998909,0,False,False,1
1123,5c4e58785994ca0001132982,2246.23,2247.96,I'm kind of looking forward to that here too.,0.38000000000010914,1.7300000000000182,0,False,False,10
1124,5f6e71f3b273c13b726f3622,2248.43,2248.96,yeah.,0.4699999999997999,0.5300000000002001,0,False,False,1
1125,5c4e58785994ca0001132982,2249.23,2251.66,"Well, it's not doing it this year, it's just staying hot.",0.2699999999999818,2.4299999999998363,0,False,False,13
1126,5f6e71f3b273c13b726f3622,2252.03,2252.51,Apparently,0.3700000000003456,0.4800000000000182,0,False,False,1
1127,5c4e58785994ca0001132982,2252.23,2252.71,Give Me,-0.2800000000002001,0.4800000000000182,0,False,True,2
1128,5f6e71f3b273c13b726f3622,2252.51,2253.49,we're,-0.1999999999998181,0.9799999999995634,0,False,True,2
1129,5c4e58785994ca0001132982,2252.71,2252.92,95.,-0.7799999999997453,0.21000000000003638,0,False,True,1
1130,5f6e71f3b273c13b726f3622,2253.49,2256.35,going to have a warmer than usual winter from what I've heard,0.569999999999709,2.8600000000001273,0,False,False,13
1131,5c4e58785994ca0001132982,2256.63,2256.84,Mhm.,0.2800000000002001,0.21000000000003638,0,False,False,1
1132,5f6e71f3b273c13b726f3622,2258.23,2260.66,my cats attacking my arm down.,1.3899999999998727,2.4299999999998363,0,False,False,6
1133,5c4e58785994ca0001132982,2260.33,2261.25,Uh huh.,-0.32999999999992724,0.9200000000000728,0,False,True,2
1134,5f6e71f3b273c13b726f3622,2261.63,2262.05,Mm.,0.38000000000010914,0.42000000000007276,0,False,False,1
1135,5c4e58785994ca0001132982,2261.93,2262.55,"Yeah,",-0.12000000000034561,0.6200000000003456,0,False,True,1
1136,5f6e71f3b273c13b726f3622,2262.53,2263.24,Yeah.,-0.01999999999998181,0.7099999999995816,0,False,True,1
1137,5c4e58785994ca0001132982,2263.03,2263.54,I think that,-0.20999999999958163,0.5099999999997635,0,False,True,3
1138,5f6e71f3b273c13b726f3622,2264.63,2265.94,But yeah.,1.0900000000001455,1.3099999999999454,0,False,False,2
1139,5c4e58785994ca0001132982,2266.53,2269.15,"All right, well, thank you for the conversation.",0.5900000000001455,2.619999999999891,0,False,False,8
1140,5f6e71f3b273c13b726f3622,2269.03,2274.16,Yeah. Thank you. Very nice. And I'll speak. We'll see you later.,-0.11999999999989086,5.129999999999654,0,False,True,14
1141,5c4e58785994ca0001132982,2273.23,2274.66,Mhm. Okay.,-0.9299999999998363,1.4299999999998363,0,False,True,2
1142,5f6e71f3b273c13b726f3622,2275.13,2275.55,Bye.,0.47000000000025466,0.42000000000007276,0,False,False,1
1143,5c4e58785994ca0001132982,2275.13,2276.46,All right. Right.,-0.42000000000007276,1.3299999999999272,0,False,True,3
